1000
0.000000e+00 0.000000e+00 0.000000e+00 0.000000e+00 0.000000e+00 0.000000e+00 1.989000e+30
-4.213997e+09 2.657444e+10 -8.184222e+10 -5.535785e+04 4.729424e+04 3.533990e+04 2.254641e+25
4.299199e+10 8.144405e+09 -6.917741e+09 -5.627241e+04 1.071058e+03 -9.469281e+04 1.559646e+21
1.593038e+10 8.478455e+10 7.785552e+09 1.785314e+04 6.188609e+04 -9.870025e+04 6.837786e+24
4.704016e+10 6.966807e+10 -2.834328e+10 9.144261e+04 -3.268109e+04 -8.145083e+04 3.804506e+20
3.252055e+10 -8.667484e+10 1.963195e+10 4.594636e+04 7.245618e+03 9.462315e+04 1.867266e+22
-4.537890e+10 -4.182624e+10 5.404432e+10 7.234138e+04 1.547043e+04 4.091437e+04 1.883416e+20
4.858116e+10 2.662509e+10 -2.572923e+10 -5.344182e+04 -7.979971e+04 -4.440528e+04 6.517885e+23
1.736760e+10 6.678290e+10 -1.855237e+10 -4.660444e+04 8.733092e+04 2.960708e+04 4.516334e+23
2.554492e+10 4.222107e+10 2.544223e+10 -2.410891e+04 9.790467e+04 2.799995e+04 2.196334e+23
1.043343e+10 -6.329768e+10 6.043454e+10 -5.419039e+04 -9.357995e+04 -3.690939e+04 4.040594e+21
1.970064e+10 -1.936493e+10 5.273443e+10 -3.706442e+04 3.108773e+04 -2.087362e+04 3.071040e+25
1.442302e+09 6.805506e+10 -3.626965e+10 1.227363e+04 -4.745168e+04 1.691720e+04 2.437459e+25
6.093831e+10 -9.428929e+08 -4.134057e+10 1.905259e+03 -8.181812e+04 -9.057672e+04 4.548778e+20
-6.133850e+10 3.264504e+10 5.000994e+10 -8.729446e+04 -2.367614e+04 9.922428e+04 1.495154e+23
6.838294e+10 4.941541e+09 7.145350e+10 4.414436e+04 3.634207e+04 7.394066e+03 3.989800e+21
-4.979027e+10 2.163342e+10 -6.698436e+10 -9.255259e+03 9.076319e+04 7.517059e+04 3.804822e+21
5.189232e+10 -3.174235e+10 -5.103076e+10 7.410371e+04 -4.031104e+04 2.778990e+04 4.506312e+23
-4.411860e+10 -1.114443e+10 2.807085e+10 5.572530e+04 6.070734e+03 -9.988562e+04 8.809197e+21
9.991581e+09 -9.534867e+09 2.309010e+10 6.633311e+04 -3.849717e+04 -8.841497e+04 1.853777e+25
-5.474974e+10 4.831805e+09 -8.137718e+10 -8.615750e+04 5.212043e+04 5.316689e+04 5.893168e+20
-7.335195e+09 7.730466e+10 7.773344e+09 7.448661e+04 -1.537241e+04 -5.764036e+04 1.720983e+23
-2.729551e+10 6.682605e+10 -5.381570e+10 9.902987e+04 2.997561e+04 -1.237998e+04 1.274838e+23
-2.170267e+10 3.512481e+10 -2.723374e+10 1.766174e+04 -5.397705e+04 -5.595652e+04 2.666604e+20
5.972104e+10 -4.035639e+10 -4.650068e+10 7.192708e+04 -8.582853e+04 -5.239907e+04 1.032444e+24
3.726551e+10 -1.598347e+10 -4.400219e+10 1.420862e+04 -5.465795e+03 5.692388e+04 6.998130e+24
-3.089739e+10 1.429072e+10 -4.637737e+10 -1.528428e+04 -6.595066e+03 4.581517e+04 1.096951e+24
-4.850920e+10 3.403764e+10 -7.989024e+10 -3.213948e+04 7.233451e+04 -5.026873e+04 1.384374e+21
-1.348877e+10 7.439919e+10 -1.196026e+10 -5.003871e+04 8.465312e+04 -1.137385e+04 1.472633e+25
3.591847e+10 -1.619354e+08 -7.365702e+10 6.720552e+04 9.379925e+04 8.527340e+04 1.236444e+25
1.241327e+10 5.355037e+10 -1.579274e+09 -1.979194e+04 -8.827292e+04 -2.420538e+04 8.163061e+25
-5.077310e+10 1.474805e+10 3.650193e+10 -1.539850e+04 9.146353e+04 9.908454e+04 2.160777e+23
-1.874273e+10 6.202094e+10 -6.183417e+10 9.374187e+04 1.583606e+04 8.439040e+03 3.075058e+24
-3.796623e+10 -6.800283e+08 6.485407e+09 7.054398e+04 -6.851345e+04 9.215578e+04 3.024606e+20
-2.536790e+10 -4.995212e+10 1.084631e+10 -5.295922e+04 -7.602268e+04 7.805746e+04 3.001180e+21
-7.136129e+10 3.968498e+10 2.007655e+10 1.673446e+04 4.556543e+03 8.694125e+04 1.680952e+21
-6.050190e+10 4.645343e+10 -4.675943e+10 3.433804e+04 -4.000058e+04 -3.676456e+04 3.244793e+24
4.155866e+10 -4.035903e+08 -3.479490e+09 9.921929e+04 -8.534786e+04 -5.736914e+04 3.901238e+21
4.595541e+10 -4.355326e+10 7.443906e+10 -2.609458e+04 -6.845063e+04 6.674899e+04 1.664330e+24
-1.081451e+10 -1.569497e+10 8.271945e+10 -9.843538e+04 6.342083e+04 -4.012425e+04 9.557236e+23
4.996994e+10 4.429420e+10 -7.162147e+10 -7.859280e+04 1.064473e+04 -4.553036e+04 4.255778e+23
-4.794014e+10 -5.385538e+10 -5.307322e+10 -4.720322e+04 -2.293630e+03 8.106730e+04 1.192950e+25
-7.451862e+09 4.403524e+10 -6.907579e+09 -9.929086e+04 5.422384e+04 2.742268e+04 3.730195e+21
-8.088314e+10 3.950652e+10 9.354212e+09 -9.806606e+04 -8.495123e+04 7.662128e+04 2.651987e+25
-5.274141e+10 -3.008737e+10 5.468124e+10 -7.038124e+04 -7.451090e+04 -3.834833e+04 2.476789e+25
5.166921e+10 -3.807592e+10 6.686095e+10 -5.798469e+04 -5.009405e+04 -7.944128e+04 4.793994e+24
-6.845883e+10 -6.482468e+10 -1.797147e+10 -6.908933e+04 8.597620e+04 7.292114e+04 7.198404e+25
5.956318e+10 9.351940e+09 7.113151e+10 4.731289e+04 -3.356291e+04 8.616318e+04 6.507450e+24
-7.864480e+09 7.420189e+10 5.919552e+10 5.747490e+04 -7.838087e+04 7.443336e+04 1.417619e+25
-4.544597e+10 1.157629e+10 3.836390e+10 -3.896183e+04 5.906910e+04 -5.448090e+04 1.386713e+20
3.573430e+10 -4.086635e+10 -1.985392e+10 9.337782e+04 -4.417500e+04 2.829635e+04 2.500750e+22
9.197112e+10 -3.692485e+10 7.197346e+09 -7.693165e+04 9.408012e+04 -6.428644e+04 5.959446e+25
-3.663084e+10 1.597093e+10 -5.033534e+10 4.570901e+04 -3.726454e+04 2.124177e+04 1.170950e+23
-2.133176e+09 7.186987e+10 1.114512e+10 4.175706e+04 -9.966174e+04 8.511503e+04 1.701030e+23
-3.750502e+10 -6.886416e+10 4.335960e+10 -2.715571e+04 -8.600524e+04 3.284754e+04 9.576355e+21
-9.217849e+09 -4.791956e+10 4.730416e+10 -3.993555e+04 -3.814307e+04 -1.832142e+04 2.596584e+22
-3.897423e+10 2.128415e+10 -4.965909e+10 8.807273e+04 3.546359e+04 8.056111e+04 4.932754e+23
6.670495e+10 1.701376e+08 6.424917e+09 -4.261726e+04 -1.402237e+04 1.599696e+04 8.476835e+23
1.739883e+10 7.495961e+10 -8.962044e+09 -5.362763e+03 8.023617e+04 5.920495e+04 1.042674e+21
-2.946327e+10 -3.256044e+10 1.357707e+09 -3.296235e+04 6.368469e+04 5.022763e+04 1.088364e+24
4.798153e+10 7.422051e+09 -3.657956e+10 -5.103149e+04 -4.972731e+03 6.994754e+04 2.735076e+20
2.463010e+10 6.765847e+10 1.934980e+10 3.927085e+04 -1.124566e+03 -5.120311e+04 8.636705e+23
1.923072e+09 -1.518724e+10 8.883921e+09 -7.868254e+04 -1.497076e+04 -6.482266e+04 5.594951e+25
1.767010e+08 3.507781e+10 -7.224312e+10 6.966727e+04 -8.707635e+03 6.028332e+04 1.012666e+24
9.298574e+10 -3.018732e+10 1.901310e+10 7.828519e+04 2.253046e+04 4.385479e+04 1.068240e+23
7.472142e+10 -5.631702e+10 8.999873e+09 4.873109e+04 -5.065113e+03 -4.816169e+04 3.043956e+21
-7.224949e+10 -9.727342e+09 4.575839e+10 2.534969e+04 -4.508051e+04 -8.450333e+04 5.180467e+21
-5.850006e+10 -1.507992e+10 -2.335468e+10 -7.232519e+04 -5.374770e+04 3.878996e+04 1.731868e+24
-3.795563e+10 -1.041198e+10 -7.400851e+09 -1.684515e+04 -5.863312e+04 -1.597130e+04 2.685535e+25
4.781236e+10 -6.027332e+10 3.268776e+10 5.311892e+04 -2.392379e+04 -9.882078e+04 1.289890e+22
6.162745e+10 -1.856544e+10 6.432480e+10 -1.619574e+04 4.950313e+04 9.226462e+03 4.164046e+23
-4.599877e+10 1.961923e+10 -3.390360e+10 -9.419504e+04 -3.277409e+04 3.582838e+04 2.666245e+22
3.806007e+10 3.933810e+10 -3.577498e+09 2.445139e+04 -9.460671e+04 -2.119595e+04 2.434176e+23
1.894246e+10 2.167732e+10 8.575756e+09 -7.660311e+03 -8.994307e+04 -2.417923e+04 1.861923e+21
-4.259413e+10 4.044090e+10 3.598876e+10 5.040196e+04 6.638486e+04 -4.954569e+04 3.100540e+20
2.677864e+10 -1.550833e+07 2.117769e+09 -3.000793e+04 3.002882e+04 5.624661e+04 8.138192e+23
1.245809e+10 3.782439e+10 8.185330e+10 -9.592400e+04 -6.952353e+04 -7.475581e+04 1.039329e+24
-2.129960e+10 -6.481128e+10 -4.660354e+10 5.337962e+04 -6.644217e+04 2.144950e+04 3.072939e+24
3.645703e+10 -8.216295e+09 3.101277e+10 -7.838025e+04 -9.486431e+04 -3.760855e+04 1.159001e+24
-2.103275e+10 -9.413597e+10 -2.037682e+10 -8.480070e+04 3.812288e+04 2.544848e+04 4.087030e+20
-5.286932e+10 -3.862111e+10 6.428224e+10 -7.578899e+04 9.676887e+04 5.652707e+04 1.211219e+22
-7.276292e+10 -2.726446e+09 -1.951361e+10 -3.175377e+04 6.991513e+04 6.446618e+04 4.297672e+20
4.507859e+10 -8.359894e+10 2.675784e+10 4.146173e+04 -1.290257e+04 4.675906e+04 6.206438e+25
-4.944242e+10 -1.209139e+10 3.984376e+10 -3.300499e+03 -1.288510e+04 4.620524e+04 4.077305e+21
6.080939e+10 3.682551e+10 6.270027e+10 7.632624e+04 -5.122731e+04 -7.058307e+03 4.591877e+23
1.432072e+10 -1.946465e+10 -6.821341e+10 -6.363203e+04 -5.757603e+04 5.956647e+04 1.101623e+22
-1.441576e+10 8.654707e+10 3.856291e+10 -9.796978e+04 8.961252e+04 -8.287741e+04 2.091452e+24
-2.458977e+10 -6.280817e+10 4.066662e+10 2.918058e+04 -1.835733e+03 5.858657e+04 3.616763e+20
-1.932829e+10 5.243624e+10 2.321153e+10 1.631112e+04 -5.347902e+03 6.184386e+03 3.572917e+22
-2.491156e+10 -8.162356e+10 -3.069162e+10 -4.581671e+04 -4.971926e+04 -7.586882e+04 1.430559e+21
3.759648e+09 -4.899222e+10 3.533545e+09 -6.297003e+04 -5.672307e+04 -3.160283e+03 2.225922e+24
-2.039887e+10 9.697123e+10 4.888648e+09 -7.989478e+04 -6.117648e+04 -5.450337e+04 1.193024e+21
-3.671577e+09 2.384887e+10 1.651201e+09 9.485899e+04 1.067179e+04 3.948348e+04 5.723701e+20
6.647891e+10 -6.841167e+10 -1.740486e+09 1.481284e+04 -6.120611e+03 -1.190624e+04 1.276974e+21
-1.733887e+10 2.442218e+09 3.279342e+10 6.442313e+04 -1.985851e+04 -8.518357e+04 5.979629e+23
-2.480095e+10 -1.033494e+10 -2.645485e+10 -3.923290e+04 9.878362e+04 -7.630969e+04 3.860652e+24
1.047808e+10 6.805638e+10 4.921560e+10 4.514507e+03 -9.897107e+03 -1.145580e+04 1.448772e+25
-6.651704e+10 -6.327658e+10 -3.879418e+10 2.192618e+04 4.801786e+04 8.951804e+04 1.764930e+21
3.108934e+10 4.704317e+10 1.910243e+10 -6.523729e+04 -8.498703e+04 -9.946486e+04 5.046871e+22
8.869338e+09 7.586035e+10 -3.509026e+10 4.139117e+04 4.059751e+04 -9.193735e+03 1.331403e+24
-5.629370e+10 -5.633475e+10 5.606689e+10 3.223661e+04 8.673369e+04 -1.497221e+04 1.850863e+23
2.311400e+10 -4.423704e+10 7.067046e+10 -8.571803e+04 -6.681544e+04 -3.847764e+04 3.117068e+24
5.332180e+10 5.289046e+10 -3.503779e+10 3.773560e+04 3.994674e+04 8.853525e+04 1.006545e+23
4.165277e+10 1.065579e+10 -6.632406e+10 -1.359427e+04 -3.553568e+04 -4.992642e+04 3.531517e+20
-6.510001e+10 -3.327276e+10 6.632757e+10 9.015726e+04 9.991448e+04 3.445632e+04 4.140627e+21
-2.891856e+10 5.422255e+09 1.756232e+10 3.030190e+04 8.321456e+04 -6.370217e+04 3.250706e+23
7.219222e+10 4.660904e+10 -1.422213e+09 -3.040779e+04 -3.333832e+04 3.402670e+04 1.400872e+25
-1.514893e+10 6.186925e+10 2.676203e+10 8.903871e+04 6.271321e+04 1.001932e+04 5.357417e+22
6.250348e+10 -1.184801e+10 -2.403693e+10 -1.916499e+04 2.919250e+03 9.762384e+04 8.830033e+23
3.070080e+10 7.422714e+10 -1.415152e+10 -2.764413e+04 5.128863e+04 2.508175e+04 3.630306e+24
5.259794e+10 -2.569670e+10 5.790703e+09 -1.237678e+04 3.965001e+04 -7.571478e+04 6.900505e+25
3.937332e+10 6.066700e+10 -4.419270e+10 1.016780e+04 1.045028e+04 -8.135816e+04 8.985512e+25
7.155119e+10 6.507876e+10 -7.479810e+09 6.642863e+04 -3.248991e+02 4.332067e+04 1.130400e+23
4.784444e+10 -5.969458e+09 4.345064e+10 -5.125382e+04 1.025302e+04 -2.328280e+04 3.397887e+25
3.414369e+10 -3.920909e+10 6.054330e+10 -4.475052e+04 5.800124e+04 -1.701152e+04 4.031720e+25
-1.254348e+10 5.992713e+10 5.114520e+10 -4.028883e+04 1.738754e+04 9.978047e+04 8.666467e+22
-2.971687e+10 4.365388e+10 4.086961e+09 1.038348e+04 8.686013e+03 -8.931077e+03 8.524406e+21
-4.741796e+10 -2.297090e+10 2.265415e+10 -5.328751e+04 5.510890e+04 -9.127054e+04 2.939212e+24
-5.254806e+10 4.569810e+10 5.543757e+10 3.273777e+04 6.414951e+04 9.616363e+04 9.375013e+22
-2.811929e+10 -1.788979e+10 1.527194e+08 7.394006e+04 7.483807e+04 -1.193876e+04 1.431220e+23
-5.823681e+10 3.696918e+10 3.426623e+10 3.095627e+04 -6.912776e+04 -6.101880e+03 6.534642e+25
-3.785524e+10 -5.199097e+10 2.686176e+10 7.035306e+04 7.046827e+04 7.186844e+04 1.905708e+22
3.618685e+09 -6.118626e+10 2.981570e+10 7.447660e+04 -9.282018e+04 -8.631585e+04 6.123026e+23
-2.003075e+08 -9.857501e+09 9.679074e+10 -1.320571e+04 -8.031137e+04 2.674957e+04 1.719790e+25
5.774577e+10 -4.008555e+10 2.959310e+10 -9.080181e+04 5.922869e+04 -4.132644e+04 1.774380e+22
-4.806183e+10 -2.113180e+10 3.278984e+09 5.850389e+04 -6.600327e+04 -8.420633e+04 1.678949e+25
6.224421e+10 -3.796653e+10 -4.419210e+10 -7.137646e+04 -7.770017e+03 -4.920453e+04 3.403770e+21
1.361216e+10 -9.732639e+09 1.285711e+10 3.552218e+04 -6.840488e+04 -1.165404e+04 1.184115e+22
-7.152951e+10 3.683819e+10 2.327413e+10 -4.998036e+04 6.906079e+04 -6.015660e+04 2.033104e+22
-6.005726e+10 -2.915210e+10 -4.124367e+10 1.496239e+04 9.853841e+04 -4.095385e+04 7.373385e+25
-7.107063e+10 -3.124880e+10 -3.923499e+10 3.715990e+04 4.893377e+04 -9.019115e+04 4.349496e+23
-1.051260e+10 4.542690e+10 6.401537e+10 5.977202e+04 2.141300e+04 -2.953581e+04 6.602483e+23
-1.448414e+10 -7.841071e+10 3.033054e+10 3.183631e+04 6.766742e+04 2.564962e+04 2.632826e+25
-7.443957e+10 2.902824e+10 -3.303973e+10 1.591476e+04 4.647195e+04 -8.197332e+04 5.897429e+21
4.659165e+10 5.098419e+10 -5.887405e+10 7.881552e+03 9.429792e+04 6.170475e+03 3.026369e+25
3.715048e+10 -7.326457e+10 -4.568758e+10 -3.630434e+03 6.129770e+04 4.931187e+04 1.077188e+22
1.165674e+10 1.422783e+10 4.504262e+10 9.330004e+04 7.202812e+04 4.484334e+04 7.579725e+25
-5.215173e+10 5.857699e+10 6.024553e+10 5.813639e+04 -9.721627e+04 7.314462e+03 5.354466e+22
-7.091717e+10 -4.167615e+10 3.020319e+10 6.448346e+04 8.805838e+04 -7.833078e+04 2.528899e+21
-1.734059e+10 -7.043629e+09 2.247757e+10 8.305118e+04 -5.572656e+04 -8.735659e+04 8.772676e+24
-7.461280e+10 4.847910e+10 -3.832900e+10 -7.204460e+04 8.925231e+04 -3.912708e+04 9.031247e+22
1.914174e+10 2.189553e+10 3.561028e+10 -9.271249e+03 3.409724e+04 4.862802e+04 4.740722e+25
3.695893e+10 5.403427e+10 3.626127e+10 -1.702309e+04 -8.019567e+04 -2.130592e+03 2.809929e+22
-2.403994e+10 2.542971e+10 -9.192145e+10 -1.132338e+04 9.011103e+04 7.109004e+04 3.945733e+20
8.698157e+10 -1.218838e+10 7.842068e+09 -2.826523e+04 -2.037207e+04 -6.203829e+04 5.407024e+20
-4.911740e+10 -8.045694e+10 -8.572338e+09 2.834089e+04 1.942919e+04 -9.572851e+04 5.257358e+24
-3.807346e+10 -1.635613e+10 -4.672299e+10 -8.627797e+04 5.303148e+04 -5.856853e+04 1.975641e+21
5.381312e+10 7.172319e+10 -3.272897e+10 8.010621e+04 -9.943289e+04 7.168123e+04 7.381215e+20
2.005751e+10 3.905949e+10 -2.526219e+10 3.221153e+04 -9.484397e+04 -9.702793e+04 5.494245e+24
2.657094e+10 5.154344e+10 -2.184022e+10 -8.952020e+04 4.834361e+04 5.217105e+03 2.978459e+24
-6.468309e+10 -5.392557e+09 4.342220e+10 -7.818920e+04 7.677380e+02 8.908313e+04 1.820498e+20
-6.203892e+10 -8.412731e+09 6.765543e+10 -8.391496e+03 9.280524e+04 -8.783492e+04 7.479825e+22
-6.835109e+10 4.184379e+09 2.746047e+10 8.194017e+04 -8.530186e+04 -8.384190e+04 4.464620e+23
-2.415330e+10 -2.673813e+10 -1.815506e+10 9.671287e+03 -3.496291e+04 9.892555e+04 1.525250e+23
6.099535e+10 4.383646e+10 1.620226e+10 4.035588e+04 7.055855e+04 3.018333e+04 4.109381e+24
-7.028716e+10 2.208087e+10 -5.110374e+10 -5.430129e+04 -3.221368e+04 -9.300219e+03 3.132838e+22
-2.295713e+10 -3.887850e+10 -6.685387e+09 -2.513980e+04 -6.947222e+04 8.459701e+04 2.528133e+20
4.492698e+10 3.118228e+10 -7.650918e+10 4.775920e+04 6.235386e+04 1.127415e+04 3.302102e+23
5.579412e+10 5.388589e+10 -2.810959e+10 -2.928038e+04 3.306810e+04 5.005685e+04 1.616415e+25
-2.533435e+10 -1.850641e+10 8.400456e+10 -2.967076e+04 1.558370e+04 -5.745224e+04 8.718019e+23
2.129023e+10 -3.117005e+10 -4.760452e+10 -2.648779e+04 5.252113e+04 1.482000e+04 6.971532e+24
1.241347e+10 -2.707132e+10 8.973345e+10 2.271466e+04 2.853983e+04 -9.474923e+04 3.754099e+25
3.521797e+10 7.535269e+10 -4.370011e+10 4.053975e+04 -3.820306e+04 -3.203507e+04 1.088015e+20
-7.681871e+10 5.523571e+10 1.266189e+10 -7.162507e+04 2.663440e+04 -9.386858e+04 2.996888e+24
-3.197178e+10 4.975807e+10 -9.607210e+09 -2.598938e+04 4.431919e+04 5.536712e+04 2.544259e+23
1.078586e+10 1.639967e+10 -3.933543e+10 2.356764e+04 3.479374e+04 -4.557943e+04 9.367682e+23
-1.132451e+10 7.724850e+10 -9.111117e+09 5.098863e+04 -7.723650e+04 -1.401727e+04 5.005861e+21
-4.369707e+10 -7.619981e+10 -2.349194e+09 -9.091653e+04 -2.094732e+04 1.986499e+04 1.112045e+20
3.561776e+10 4.156261e+10 -3.872277e+10 -4.889610e+04 -3.437553e+04 -9.845402e+04 3.034483e+24
-1.560616e+10 -5.208956e+10 -1.341877e+10 5.246931e+01 6.667084e+04 6.124004e+04 2.706780e+20
3.804265e+10 4.500593e+09 -8.711072e+10 8.423249e+04 7.242200e+04 1.515183e+04 2.756754e+23
6.592650e+10 5.824979e+10 -1.468179e+10 -9.582869e+04 -3.504636e+04 6.026443e+04 5.113892e+23
4.346357e+10 2.687170e+10 7.896235e+10 6.889687e+04 -5.133671e+04 1.777426e+04 1.392436e+23
-3.622253e+10 5.746527e+10 -2.785920e+10 -3.338628e+04 -6.637346e+04 2.096657e+03 4.832366e+20
-2.727032e+10 3.784590e+10 6.486093e+10 4.547582e+04 6.378972e+04 6.300740e+04 2.615852e+21
-3.356318e+10 -2.516665e+10 -3.191344e+10 5.204306e+04 3.110180e+04 -6.457077e+04 4.335993e+24
4.220789e+09 -6.792413e+10 4.023172e+10 -1.021895e+04 8.483085e+04 1.289836e+04 6.483207e+23
-4.082462e+10 -4.197834e+10 6.226945e+10 -6.980852e+04 -8.634275e+04 -1.155839e+04 6.560284e+21
-2.990296e+10 -1.379474e+09 -5.770103e+10 -3.791843e+04 -9.617227e+03 -8.862199e+04 9.776419e+24
1.788413e+10 -2.296854e+10 3.095660e+10 2.300168e+04 1.413563e+03 -7.457668e+03 2.117865e+23
-5.371628e+10 1.755290e+10 7.324845e+10 6.196318e+04 3.036749e+04 -3.569465e+04 7.141249e+22
2.041544e+10 1.553026e+10 -4.664679e+10 7.982537e+04 -3.131244e+04 4.286311e+04 1.064864e+23
-4.443924e+10 1.832290e+10 -2.808780e+10 -1.211564e+04 4.549607e+03 -6.825076e+04 1.726283e+22
-3.402345e+10 5.484818e+10 -1.197783e+10 1.957717e+04 5.784539e+04 2.946107e+04 2.485828e+20
-9.059822e+09 4.157681e+10 1.625028e+10 4.474673e+04 3.131282e+04 8.126854e+04 1.736513e+25
4.311381e+10 5.307844e+10 1.147400e+10 -3.003584e+04 9.353930e+04 3.969599e+04 2.247749e+22
-1.483444e+10 3.775701e+10 7.368097e+10 -2.466414e+04 5.833239e+04 6.263696e+04 1.048814e+24
-3.258123e+10 -7.583195e+10 4.486034e+10 5.278668e+03 2.920496e+04 -1.531873e+04 1.482411e+22
1.223049e+10 5.344125e+10 -4.559998e+10 8.953365e+04 -2.745816e+03 -5.469139e+04 6.689476e+20
2.483681e+10 1.831842e+10 2.932711e+10 5.417494e+04 6.702397e+04 7.673643e+04 1.684554e+20
4.002494e+10 4.318920e+10 3.705575e+10 -2.465603e+04 -6.755056e+04 6.626901e+04 4.232402e+24
-6.402040e+10 2.643644e+10 -6.233031e+10 -1.782828e+04 3.527258e+04 -5.249396e+04 4.625858e+22
-5.418310e+10 1.800955e+10 3.270885e+10 6.802230e+03 -3.810642e+04 6.172477e+04 6.517689e+22
8.585624e+10 -2.961823e+10 -2.489098e+10 9.688796e+04 -7.664004e+03 -4.364565e+04 1.955395e+22
1.190371e+10 -2.663497e+10 7.534635e+10 6.025184e+04 -7.232029e+04 -4.999936e+04 7.031925e+23
7.597290e+10 5.710908e+10 1.042976e+10 6.917846e+04 7.023321e+04 -4.298740e+04 3.790539e+24
2.283162e+10 3.034872e+10 5.257227e+10 -1.250549e+04 8.928265e+04 -5.559240e+04 5.090588e+22
2.144084e+10 7.454944e+09 -6.668756e+10 4.014229e+02 -5.284439e+04 9.890507e+04 1.776135e+22
8.208251e+09 -1.308332e+10 2.622311e+10 2.999214e+04 5.827613e+04 -7.248008e+04 5.263521e+21
5.560413e+10 6.618513e+10 3.684936e+10 4.110724e+04 -1.027971e+04 -9.894976e+04 2.987821e+20
-4.493769e+10 -1.422878e+10 4.253345e+10 4.544696e+04 5.554301e+03 -7.776263e+04 5.353151e+21
-2.503487e+10 1.379879e+10 -6.062764e+10 5.877982e+04 -8.577277e+03 -7.782842e+04 2.697002e+25
-2.130849e+10 -2.065011e+09 -8.142280e+10 -5.161237e+04 -7.128463e+04 -1.415222e+04 4.884920e+23
-3.142336e+10 -5.265814e+10 -1.037788e+10 -8.287721e+04 9.493090e+04 -8.646414e+04 1.433365e+23
-1.614778e+10 -5.716547e+09 7.789464e+10 -2.190925e+04 -5.972984e+03 2.713416e+04 7.695495e+25
3.835542e+09 -1.553683e+10 -6.124487e+10 -3.103950e+04 4.658820e+04 2.565139e+04 4.256065e+24
8.176174e+10 2.338435e+10 -3.023169e+10 9.202749e+03 6.270177e+04 -6.498217e+04 4.729939e+24
-4.823406e+10 -5.249993e+10 3.026664e+10 6.229954e+04 -8.737989e+04 5.523808e+04 5.572851e+22
8.491581e+09 2.584118e+10 -6.062992e+10 -9.161881e+04 8.667420e+04 3.076718e+03 8.604710e+25
1.467245e+09 -7.094859e+10 -4.025159e+10 -6.177931e+04 -2.860516e+04 5.616831e+04 1.565992e+25
-3.087641e+10 3.371116e+10 -5.200144e+10 7.789730e+04 4.866154e+04 7.892750e+04 2.088664e+22
-9.910148e+10 1.542241e+09 -7.526445e+08 8.486209e+04 3.855171e+03 6.022962e+04 2.304029e+24
1.843324e+10 -3.772210e+10 8.789506e+09 9.094879e+03 -3.575771e+04 -8.398622e+04 9.236668e+23
-5.900406e+10 2.954473e+10 1.383812e+10 3.795296e+04 -2.969060e+04 -9.152897e+04 1.660439e+25
-9.328739e+08 5.998345e+09 7.038304e+10 9.600546e+04 8.958088e+04 -8.499177e+04 6.684597e+23
-2.444592e+10 -5.145474e+10 4.296959e+10 9.055788e+04 -7.144411e+04 2.151458e+04 4.873846e+24
2.914052e+09 -1.609000e+10 -2.825786e+10 -2.673431e+04 -2.342912e+04 1.344893e+04 4.271388e+23
-2.687250e+10 2.790046e+10 7.889971e+10 5.261689e+04 1.478436e+04 5.891976e+03 2.444580e+22
5.671092e+10 4.902328e+10 -4.336946e+10 4.713497e+04 -1.912079e+02 -2.260252e+04 2.344425e+23
-5.297073e+10 1.859336e+10 -3.066857e+10 9.927302e+04 -4.288462e+04 8.329578e+04 8.855257e+22
-3.361716e+10 1.044782e+10 3.505893e+10 7.973581e+04 -1.097776e+04 -8.244185e+04 1.234740e+24
-5.067583e+10 7.217641e+10 -3.411962e+10 -8.701218e+04 8.434272e+03 7.826634e+04 1.282839e+25
-3.006300e+10 -3.528897e+10 7.630897e+10 5.873928e+04 1.751149e+03 -7.572751e+04 1.606506e+21
4.158436e+10 6.930673e+09 3.007435e+10 1.080429e+04 -2.621777e+04 6.073235e+04 2.041181e+23
-1.734698e+10 4.439043e+10 -7.026016e+10 9.991901e+04 4.377393e+04 5.139131e+03 4.120855e+24
4.825738e+10 -8.459843e+09 -7.990120e+10 2.846772e+04 -1.000510e+04 3.602180e+04 1.167048e+22
-5.062530e+10 -6.103441e+10 5.367276e+10 -6.360737e+04 9.325292e+04 -1.347634e+04 2.912552e+25
1.439136e+10 2.061847e+10 -2.865730e+10 -6.706858e+04 -3.546785e+04 4.186643e+04 1.191622e+22
3.407057e+10 -4.950607e+10 7.739759e+10 -4.987894e+04 2.701142e+04 1.016828e+04 5.636659e+20
-6.699328e+10 -1.083211e+09 4.496283e+09 -6.627282e+04 8.832140e+04 -6.916115e+04 8.961841e+23
4.813556e+10 -7.324929e+10 1.885232e+10 1.272361e+04 6.504725e+04 -9.432530e+04 1.874005e+20
-4.960026e+10 -6.929827e+10 1.324190e+10 5.339180e+04 -1.668264e+04 2.779824e+04 9.732588e+22
7.479283e+10 -2.089089e+10 -3.600710e+10 -3.411036e+03 6.093763e+04 3.699817e+04 6.089803e+21
-1.842382e+10 7.347383e+09 -3.678092e+10 -3.149774e+03 -5.919540e+04 2.133205e+04 7.507494e+21
5.073519e+10 -6.072198e+10 4.194991e+10 9.507483e+04 -7.384677e+04 -2.589196e+04 2.343728e+23
-7.469863e+09 6.777176e+10 -4.582260e+09 -5.041622e+04 -8.063767e+04 -4.195760e+04 2.017897e+22
4.870722e+10 -5.503278e+10 -4.282312e+10 -6.806007e+04 -3.451284e+04 1.553741e+04 7.521241e+21
-9.099144e+10 -8.442530e+09 -3.169993e+08 -2.480583e+02 -3.829190e+04 -9.536474e+04 4.692419e+25
6.211286e+09 2.790662e+10 7.434981e+10 -2.942098e+04 -8.989192e+04 -1.021159e+03 1.968053e+25
-8.436969e+10 -1.980220e+10 -5.106872e+09 6.943447e+04 -1.381445e+04 7.649115e+04 2.317653e+24
-7.143479e+10 5.150261e+10 -2.450991e+10 1.405633e+04 -6.106894e+04 1.064459e+04 2.761789e+20
-1.254210e+10 6.638075e+10 4.209027e+10 9.781814e+04 3.607973e+04 -7.623780e+04 7.087562e+25
-3.143167e+10 5.016333e+10 4.323453e+10 8.778971e+04 5.099303e+04 -6.018842e+04 1.134319e+23
2.151436e+10 2.504199e+10 -7.218234e+10 -3.339186e+04 -5.251170e+03 -8.602288e+03 4.340734e+23
-5.707350e+10 -4.909879e+10 -2.758815e+10 -6.749959e+04 9.812315e+04 4.786387e+04 6.243183e+21
-5.137660e+10 -1.058567e+10 4.566261e+10 4.174796e+04 -4.004189e+04 6.314977e+04 1.622359e+22
-2.128300e+10 -1.235359e+10 8.414417e+10 5.935096e+04 4.506484e+04 3.760873e+04 1.445050e+20
5.714614e+09 -2.724635e+10 7.286498e+10 5.523241e+04 1.552688e+04 4.428002e+04 3.170587e+23
-3.911464e+10 -3.660909e+10 1.430945e+10 6.823342e+04 -7.044486e+04 3.614538e+04 1.546761e+20
6.101823e+10 7.294835e+09 -7.664992e+10 -3.726150e+04 -6.971375e+04 3.810005e+04 2.899108e+22
3.465104e+10 -3.561456e+10 7.725259e+10 4.716745e+04 -8.754374e+04 -7.238350e+04 1.754083e+21
-6.420579e+10 -1.036661e+10 2.230844e+10 -3.724948e+04 -6.536352e+04 8.242483e+04 1.132302e+22
-1.078663e+10 -5.838620e+10 3.849175e+10 2.866182e+04 3.866266e+04 2.201532e+04 1.424246e+21
9.793771e+09 6.150285e+10 7.284334e+09 9.458213e+04 -4.047709e+04 -4.219917e+04 1.752535e+21
-4.817999e+10 6.737373e+10 -3.256704e+10 8.674007e+04 5.908107e+04 -4.530849e+04 5.385731e+20
8.455040e+10 -1.059456e+10 -2.112348e+10 6.367549e+04 9.092177e+04 6.092317e+04 5.529883e+21
-3.394962e+10 4.904618e+10 2.827105e+10 -1.152478e+04 -4.871120e+04 -4.184147e+03 1.630828e+21
-1.349692e+10 -3.837288e+10 7.046251e+10 -7.254541e+04 2.313541e+04 1.736610e+04 2.849366e+21
-5.652889e+10 -6.656243e+10 5.432023e+09 -8.950178e+04 -1.733973e+04 4.347161e+04 4.011155e+20
-1.251202e+10 -4.096068e+09 -9.073681e+10 8.581994e+04 -1.861851e+04 8.700642e+04 1.863793e+25
6.086413e+10 -1.404146e+10 -4.698006e+10 -3.576646e+04 2.917958e+04 8.158739e+04 3.441631e+20
-1.393717e+10 -8.172787e+10 5.843249e+09 8.733388e+04 8.264595e+04 -6.498704e+04 1.965485e+25
3.045323e+10 -5.412135e+08 4.701450e+10 -2.060109e+04 -9.232205e+02 8.732175e+04 5.926363e+25
6.397519e+10 3.729321e+09 7.344325e+10 1.359237e+04 -7.853986e+04 9.659878e+04 5.097649e+21
-9.918840e+10 3.795747e+09 8.628515e+09 8.771210e+04 7.021195e+04 -6.395846e+03 1.435054e+21
-3.445202e+10 9.096693e+09 -3.259998e+10 -4.854702e+04 -6.276019e+04 4.732358e+04 5.554001e+24
3.203729e+10 6.336305e+10 4.260897e+10 7.122930e+04 7.940855e+04 6.539797e+04 1.235048e+23
1.659476e+10 3.820404e+10 1.498453e+10 -7.187762e+04 -3.527967e+04 -5.039058e+04 3.670385e+21
5.100759e+10 -1.515511e+10 3.134181e+10 -3.961083e+04 4.457651e+04 -9.771285e+04 8.357958e+23
3.146323e+10 2.889237e+10 -7.748962e+10 -3.863873e+04 -1.891668e+04 5.040942e+02 2.348066e+25
6.093059e+10 5.538364e+10 -3.362345e+10 8.322608e+04 -4.099248e+04 2.292509e+04 2.064294e+21
-5.240419e+08 -3.681776e+10 -3.545647e+10 2.114779e+04 -1.683088e+04 9.846902e+03 6.682954e+22
1.514386e+10 7.529631e+10 2.668424e+10 -5.050691e+04 5.094791e+04 7.462701e+04 3.099002e+20
6.157126e+10 3.289944e+10 3.115417e+10 1.283374e+04 -8.764839e+04 9.529850e+03 1.078754e+23
-2.794264e+10 5.228282e+10 -5.815548e+10 4.068308e+03 -7.675200e+04 -5.891970e+04 3.154177e+23
1.620684e+10 -4.193746e+10 9.331551e+08 -9.313540e+03 2.649569e+03 -8.640305e+03 2.220346e+20
-1.020054e+10 -6.018675e+10 4.746583e+10 -2.081026e+04 6.329065e+04 4.916090e+04 2.950310e+23
3.119572e+10 1.321197e+10 -1.108358e+10 9.882473e+04 8.691656e+04 -8.619617e+04 4.005469e+25
3.702041e+09 -3.090885e+10 -5.770563e+09 5.316554e+04 9.566666e+04 2.917616e+04 3.327910e+22
6.620934e+10 -7.084374e+10 -2.344798e+10 8.135346e+04 -2.487089e+04 3.654607e+04 9.348786e+23
-4.465009e+10 6.330221e+10 2.499453e+10 -6.430527e+04 7.451697e+03 5.768508e+03 2.328889e+24
7.059372e+09 1.015349e+09 -6.019212e+10 -4.032740e+04 3.469997e+04 8.889068e+03 1.554539e+23
-4.595813e+10 6.657658e+10 -4.732973e+10 -4.487005e+04 8.748207e+04 4.500479e+04 4.754095e+20
9.261334e+09 -9.150577e+10 -1.505306e+10 7.675132e+04 -9.687084e+04 -5.878368e+04 4.030698e+20
-9.153347e+09 -3.028498e+10 6.309272e+09 -9.026474e+04 4.810822e+04 -1.954693e+04 2.547039e+21
3.868244e+10 1.432431e+10 4.373295e+10 7.791698e+02 -4.214731e+04 6.315725e+04 2.449655e+24
-3.133846e+10 -5.921675e+10 1.337964e+10 -3.586698e+04 -3.964711e+04 -7.134791e+04 9.146913e+23
5.142489e+10 2.071934e+10 -2.412475e+10 8.970405e+04 7.594278e+04 8.231553e+04 5.701102e+23
7.417282e+10 -1.304599e+10 -6.596344e+08 8.831728e+04 3.426850e+04 5.716092e+04 8.173475e+21
-3.796877e+10 3.727838e+10 -5.238559e+10 5.088322e+04 -5.296236e+03 6.986819e+04 6.374095e+21
6.062720e+10 -3.598804e+10 5.449519e+10 1.247719e+04 9.355724e+04 1.145735e+04 6.376120e+20
-3.035426e+10 -4.001072e+10 -3.701788e+10 8.444522e+04 6.942668e+04 -8.150720e+04 2.225913e+24
-2.353029e+10 -4.524347e+10 -2.664429e+10 2.058441e+04 7.472409e+04 -6.236734e+04 3.716880e+24
-8.843573e+10 1.151418e+10 1.057030e+10 7.389477e+04 -3.340714e+04 9.140395e+04 1.235954e+20
2.767953e+10 2.512807e+10 9.043768e+10 9.991440e+04 -4.215825e+03 -5.148136e+04 4.230671e+23
-3.109702e+10 -1.055514e+10 4.891599e+10 5.510278e+04 -2.386765e+04 6.730025e+03 1.430729e+22
-6.392220e+10 1.093641e+09 1.639301e+09 -8.027835e+04 9.626369e+04 -6.101916e+03 1.092414e+25
-8.037833e+10 4.826780e+10 -2.509842e+10 1.250495e+04 -5.574518e+04 -7.081546e+04 3.669819e+21
-8.388423e+10 4.779220e+10 1.547659e+10 -6.951772e+04 -3.402694e+04 -2.403205e+04 1.000406e+25
-3.002958e+10 -6.921119e+10 2.453105e+10 -4.853465e+04 6.431839e+04 9.330165e+04 7.082176e+23
1.645339e+10 -5.666546e+10 -5.233235e+10 -6.614686e+04 4.406271e+04 -2.336736e+03 3.172461e+25
7.292766e+10 2.820413e+10 2.312623e+10 -9.323525e+04 6.933948e+04 8.903762e+04 1.021629e+24
4.944250e+10 -7.522294e+10 -1.602020e+10 -5.371332e+04 4.143391e+04 -9.817171e+04 1.082424e+23
-3.495098e+10 -6.061430e+10 1.696756e+10 2.330387e+04 -3.359169e+03 -2.429123e+03 1.095656e+20
-1.744789e+10 -3.262244e+09 -8.006978e+10 -4.505185e+04 9.549587e+04 -9.657148e+04 7.567341e+24
5.847464e+10 -3.722604e+10 5.368872e+10 -7.859671e+04 -8.073722e+04 -7.022050e+04 1.417726e+21
-6.809405e+09 6.230782e+10 5.090456e+10 -2.062072e+04 -2.538968e+04 -1.879452e+04 2.454783e+23
-3.356470e+10 -7.629959e+10 -5.464946e+10 6.957342e+04 3.074714e+04 7.164383e+04 3.610066e+24
-4.165182e+10 -1.431953e+10 -1.095985e+10 -8.877701e+04 -9.810997e+04 -6.572328e+04 9.980455e+22
-5.701395e+10 -2.503733e+10 4.305826e+10 7.159206e+04 -8.092763e+04 5.631837e+03 1.800158e+20
3.066425e+10 -2.617166e+10 4.385937e+10 -4.899942e+03 -9.068761e+04 -8.513039e+04 3.576917e+25
9.370392e+10 1.965197e+10 1.226049e+10 8.575327e+04 -3.710306e+04 9.229384e+04 3.328255e+23
-6.606562e+10 4.908869e+10 3.869092e+10 -8.461250e+04 -6.750995e+04 -5.190556e+04 1.018365e+25
-2.184764e+10 3.873735e+10 5.789969e+10 5.112185e+04 -7.200988e+04 9.769559e+04 2.213000e+24
2.370477e+10 8.315562e+09 7.533391e+10 -1.258235e+04 6.773493e+04 -3.188145e+04 4.111818e+24
1.420745e+10 -9.529442e+10 -2.034373e+10 -9.407487e+04 -4.533459e+04 9.851718e+04 8.782552e+22
-3.034358e+10 1.385059e+10 6.251954e+10 3.593897e+04 3.213438e+04 -8.286118e+04 5.148673e+23
7.300677e+10 4.136192e+10 3.953440e+10 -6.915581e+04 4.233543e+04 2.678018e+04 2.741143e+24
4.203891e+10 1.372745e+09 -5.363619e+10 -3.834651e+04 -2.801650e+04 -4.604671e+04 6.237952e+20
-5.359050e+10 -1.919493e+10 -5.854810e+09 -1.839116e+04 -9.474762e+04 -2.921714e+04 3.617309e+20
-5.925166e+10 5.208015e+10 -2.958402e+10 -4.163053e+04 -2.244009e+04 -8.306010e+04 2.551622e+25
-2.542874e+10 -1.235069e+10 9.251195e+10 -6.608342e+04 -2.385360e+04 -7.223199e+04 6.408960e+21
-3.527137e+10 1.534854e+10 -6.900775e+10 -1.577953e+04 -3.153737e+03 -8.461573e+04 3.237415e+21
-5.047154e+10 -3.374988e+10 1.568131e+10 -6.089036e+04 -7.860553e+04 -3.906840e+04 4.931066e+25
2.240519e+10 -6.338446e+10 1.664870e+10 -3.409166e+04 -3.305276e+04 6.309509e+04 1.435657e+25
-2.920548e+10 6.139745e+10 -7.214441e+10 8.945578e+04 -5.982970e+04 -3.716334e+04 6.129820e+25
-3.048460e+10 -8.460378e+10 -4.127093e+10 -1.798537e+03 1.517586e+04 -5.151514e+04 1.804396e+22
6.890353e+10 5.989611e+10 -2.001373e+10 1.277010e+04 1.844541e+04 9.125817e+03 1.231050e+24
-3.367712e+10 8.281866e+09 7.423572e+10 4.167341e+04 -1.230901e+04 -4.173376e+04 1.435528e+24
-6.348590e+10 4.077135e+10 5.532309e+10 -1.393569e+02 2.666721e+04 -5.159577e+04 8.953190e+23
6.522938e+10 3.270353e+10 5.170427e+10 9.814012e+04 -4.153060e+03 -1.983898e+04 1.095660e+23
-8.648171e+10 -2.432890e+10 3.729608e+10 5.814418e+04 -2.809410e+04 7.910030e+04 1.665083e+23
5.704848e+09 -4.767626e+10 -7.146249e+10 3.152033e+04 -2.899824e+04 2.939997e+04 1.844082e+20
-7.508699e+10 5.482991e+10 3.529937e+10 5.053656e+04 9.314336e+04 -1.390889e+04 1.156876e+20
-6.326327e+10 -7.506956e+09 1.360615e+09 1.610366e+04 1.504708e+04 -1.084429e+04 2.222312e+22
-9.029740e+10 -2.642644e+08 1.625615e+10 -3.100652e+04 -9.508747e+04 -7.909013e+04 3.132222e+22
5.889157e+10 -2.302789e+10 -7.579377e+10 -7.166496e+04 -3.762193e+04 -8.933473e+03 1.742625e+21
-7.252644e+10 2.968651e+10 -3.740391e+09 3.935265e+04 -3.621811e+04 -3.994718e+04 7.262993e+24
-2.082131e+10 -2.790259e+10 3.396925e+10 3.542787e+04 -6.712918e+04 9.678009e+04 2.907219e+21
-3.811944e+10 -1.505072e+10 -3.798060e+10 9.169252e+04 -5.362889e+04 -1.899051e+04 1.278529e+21
8.396861e+10 1.557664e+10 -1.169987e+10 2.282139e+04 -6.053511e+04 1.844063e+04 2.152855e+22
1.051302e+09 -7.194510e+10 -5.236458e+10 6.174596e+04 -8.748725e+04 -7.964959e+04 1.705595e+25
-5.171050e+10 1.412878e+10 -1.990061e+10 -4.752932e+04 7.252731e+04 5.543004e+03 6.833631e+23
-7.012479e+10 -4.267292e+10 1.874458e+10 -3.041507e+04 6.910356e+04 2.347254e+04 7.628331e+24
-6.123987e+10 -5.363869e+10 -3.607219e+10 -8.304961e+04 -7.321045e+04 -7.642767e+04 6.796417e+21
-5.223647e+10 -3.558335e+09 2.196616e+10 -1.635218e+04 -7.242654e+04 -2.325801e+04 1.301734e+21
-4.848923e+10 -6.272333e+10 3.326079e+10 9.997991e+04 1.098252e+04 -2.071595e+03 6.946711e+20
6.387955e+10 2.237037e+10 -6.664913e+09 -2.819217e+04 -9.808331e+04 -7.269306e+04 7.785664e+24
-9.872430e+10 3.121258e+09 1.074329e+09 3.693933e+04 -1.687391e+04 6.797836e+04 8.554548e+22
1.045914e+09 -1.503122e+10 -4.087416e+10 -4.158202e+04 -4.502942e+04 7.521724e+03 1.021536e+21
6.727964e+09 -6.703800e+10 3.736930e+10 9.945237e+03 -7.735780e+04 -7.715867e+04 4.473817e+24
3.980065e+10 -8.110011e+10 -2.495643e+10 -9.167790e+04 4.379605e+04 9.270655e+03 8.682691e+25
2.970993e+08 -3.514223e+10 3.088590e+10 -4.045821e+04 9.986253e+04 -1.005353e+04 1.234417e+22
9.271089e+10 -3.521460e+09 -1.139081e+10 5.512633e+04 -5.261079e+04 6.214054e+04 3.369329e+23
-4.295531e+10 -4.736884e+10 2.972276e+10 -6.680368e+04 -7.215301e+04 -5.867607e+04 1.744441e+21
-7.225686e+09 3.652381e+10 -1.163893e+10 7.753709e+03 -3.526928e+04 4.081075e+04 5.445020e+21
4.478282e+10 -4.094637e+09 4.612713e+10 3.585986e+04 -8.095497e+04 9.255440e+04 5.177812e+24
1.126469e+10 -1.245065e+10 9.575456e+10 -7.462237e+04 7.321576e+04 -5.006455e+04 1.855108e+24
-3.578967e+10 -7.160900e+10 4.911553e+10 -2.108255e+03 1.548511e+04 -4.625657e+04 3.057388e+22
5.394870e+10 -5.058147e+10 2.051021e+10 -8.138104e+04 3.122694e+03 -4.435486e+04 4.149700e+25
-1.455878e+10 2.758500e+10 6.459383e+10 -9.950538e+04 5.482706e+04 4.654481e+04 2.429918e+24
-4.579664e+10 5.663458e+10 2.531347e+10 -8.733386e+04 6.884893e+03 -5.643401e+04 3.783194e+22
2.497312e+10 -4.656744e+10 -2.759661e+10 -3.244897e+04 1.558673e+04 1.322842e+04 8.166339e+22
6.222098e+10 1.953148e+10 2.557563e+10 -8.008505e+04 5.677795e+04 -8.083647e+03 5.564461e+20
9.435203e+10 4.007157e+08 -1.115687e+10 9.160635e+04 -5.953636e+04 3.771838e+04 6.186977e+20
5.777324e+10 -2.598711e+10 -5.908133e+10 -4.519611e+04 3.091759e+04 -4.992214e+04 1.702404e+22
-5.715488e+10 4.356721e+10 -6.467718e+10 -3.889815e+04 3.988827e+04 -5.317123e+04 8.568630e+23
-5.797897e+09 8.509468e+08 -8.875324e+10 -7.346004e+04 -5.476183e+04 3.599655e+04 1.136898e+20
6.831480e+10 -5.093731e+09 5.619416e+10 -1.553721e+04 -7.356497e+04 -8.583434e+04 1.988015e+22
-2.117248e+10 5.035126e+10 -7.162076e+10 7.619780e+04 -7.257414e+04 5.469210e+04 3.303291e+24
5.331409e+09 6.685025e+09 5.034239e+10 6.101655e+03 -9.830505e+04 3.000404e+04 4.371158e+22
5.037384e+10 7.060767e+10 2.298496e+10 -1.765802e+04 3.731323e+04 7.199250e+04 3.312289e+20
-3.393814e+10 -2.141057e+10 2.347125e+10 -2.319362e+04 9.264974e+04 -3.709927e+04 6.902098e+20
-3.419230e+10 -1.192227e+10 -5.420091e+10 2.000157e+04 2.151862e+04 5.579393e+04 1.389493e+24
-2.862467e+10 8.508713e+10 2.998565e+10 3.549826e+03 1.904513e+03 4.956873e+04 5.932699e+21
2.204236e+10 -6.453263e+09 3.018561e+10 -1.022456e+03 -7.745127e+04 -8.349175e+01 3.660822e+23
2.379363e+10 -1.965511e+09 7.723349e+10 8.678488e+04 -7.360342e+04 7.216280e+04 2.572067e+23
5.314460e+09 -6.632275e+10 2.615801e+10 9.089060e+04 5.407341e+04 -9.666212e+04 2.542116e+20
2.324692e+10 9.283419e+09 -5.890525e+10 5.785800e+04 1.322121e+03 2.571414e+04 1.014598e+23
5.931537e+10 3.379724e+10 3.011670e+10 7.312963e+03 2.320941e+04 -4.450645e+04 7.235046e+21
2.295829e+10 -6.011668e+10 -4.746689e+10 7.278035e+03 -2.185370e+04 2.685885e+04 1.016620e+25
-1.385699e+10 -4.147027e+10 -7.634819e+10 4.599168e+04 6.929362e+04 -8.841881e+04 3.290613e+20
-5.845531e+10 -4.764045e+10 -7.063220e+09 -3.814199e+04 4.833870e+04 4.813164e+04 5.207845e+20
4.203409e+10 6.990049e+10 3.591658e+10 9.060324e+04 4.601073e+03 5.659742e+04 2.111510e+24
7.123842e+09 -3.596277e+10 -4.108592e+10 -4.624710e+04 7.728295e+04 5.428606e+04 1.500160e+20
7.627694e+10 3.236808e+10 -4.245990e+10 4.246465e+04 1.533033e+04 -8.458599e+04 5.385012e+22
-6.495514e+10 -2.902728e+10 -5.549308e+07 -2.646244e+04 -4.897678e+04 -7.941902e+04 2.776348e+23
-7.523343e+10 -4.175853e+09 -4.874773e+10 -9.119242e+04 7.258570e+04 -5.108971e+04 6.769982e+22
4.709617e+10 -2.174391e+10 -5.082197e+10 7.149704e+04 1.057296e+04 8.278953e+04 2.779681e+24
-6.047615e+10 3.512399e+10 -2.667667e+10 4.405758e+04 -4.574841e+04 -8.442259e+04 1.725238e+22
2.030372e+10 4.269021e+10 6.389085e+10 6.086760e+04 9.628277e+04 9.081588e+04 2.591544e+20
3.914932e+10 -5.772615e+10 -3.373300e+10 -3.453982e+04 1.061828e+04 -9.840617e+04 1.599657e+21
-5.450084e+10 -5.295962e+10 -3.239891e+10 -7.214662e+03 1.833819e+04 -1.327865e+03 4.321948e+24
2.287024e+09 -3.467440e+10 4.647604e+10 -5.097463e+04 -9.872442e+04 -1.799278e+04 2.500267e+21
3.695176e+10 -3.594468e+10 4.769801e+10 9.019805e+04 -9.970759e+04 3.146077e+04 1.241755e+25
-5.392982e+10 -1.022253e+10 -7.123094e+10 -5.236648e+04 -1.594225e+03 -8.802098e+04 9.588609e+25
4.564958e+10 -2.462214e+10 -7.266947e+10 7.945749e+04 3.951844e+03 4.016938e+04 1.717718e+22
4.560013e+10 3.123209e+10 -8.230931e+10 -7.329723e+04 6.399258e+04 -8.503390e+04 2.552257e+23
2.336801e+09 2.805028e+10 7.034657e+10 -4.780181e+04 -3.699822e+04 6.016336e+04 1.600861e+24
-1.156132e+10 8.327405e+10 -3.284447e+10 -8.506251e+04 -5.945747e+04 5.598740e+04 3.222910e+23
-3.894874e+10 8.435361e+09 -3.608925e+10 -1.869749e+04 7.184910e+03 9.292694e+04 1.761235e+21
4.349030e+10 4.079569e+10 -3.175007e+10 -6.847692e+04 3.721097e+04 6.527734e+04 1.517986e+24
-1.192709e+10 2.242620e+10 2.303991e+10 -8.175742e+04 -5.035624e+04 -2.885145e+04 1.204365e+23
7.692119e+10 -4.511245e+09 -4.212191e+10 -9.378358e+04 -1.912155e+04 -9.559766e+03 3.079432e+24
2.086329e+10 -5.923517e+10 -4.781311e+09 -7.204139e+04 -9.760862e+04 6.607447e+04 7.859654e+25
-2.687381e+10 2.782252e+10 3.285331e+10 2.605951e+04 2.893700e+04 1.646476e+04 3.572103e+21
2.504991e+10 1.074155e+10 -8.925335e+10 8.049922e+04 -1.131374e+04 -7.424169e+04 2.694436e+25
8.529701e+10 2.344775e+10 -3.165301e+10 -7.801016e+03 -6.640216e+04 1.477684e+04 8.513584e+24
-1.011334e+10 -2.266877e+10 -6.904589e+10 -6.543856e+04 -5.705678e+04 -6.256978e+04 4.776693e+21
-2.570899e+10 -2.389324e+10 -8.930311e+10 -5.084304e+04 -4.097897e+04 -1.760156e+04 2.014336e+23
2.299406e+10 2.683234e+10 -1.733624e+10 -6.010844e+04 7.693050e+04 5.162812e+03 6.088725e+23
7.487494e+10 -4.992481e+09 5.479161e+10 5.638315e+04 -2.817758e+04 8.903561e+03 8.092392e+22
-7.410633e+10 6.258645e+10 4.642923e+08 -6.403683e+04 -3.622449e+04 -5.619596e+04 2.369129e+25
4.314995e+10 -2.298190e+09 -8.121401e+10 5.886458e+03 5.336843e+04 9.992115e+04 6.980382e+25
-4.570407e+09 4.385468e+10 1.456852e+10 6.325703e+04 8.345190e+04 -8.881827e+04 9.513762e+25
1.275698e+10 -4.156877e+10 4.179838e+10 -2.903907e+04 6.784445e+04 6.904418e+04 1.139206e+21
-2.145745e+10 -6.283508e+10 5.143798e+10 8.279600e+04 -9.435869e+04 4.011216e+04 4.845654e+25
3.100841e+10 7.584797e+10 1.042588e+10 9.760124e+04 7.632527e+04 -1.554655e+03 7.150204e+21
4.924635e+09 4.492601e+10 -6.462522e+10 -5.623821e+04 5.289703e+03 -9.986330e+04 3.216452e+25
-8.145299e+09 -3.864402e+10 -4.332343e+10 8.375616e+04 6.885682e+04 -3.528224e+04 1.353560e+20
7.035218e+09 -4.559243e+10 6.985257e+10 6.929618e+04 7.213389e+04 9.211175e+04 1.743993e+22
7.718899e+10 5.684955e+10 -2.046857e+10 -3.964697e+04 -7.270967e+04 -6.849922e+04 4.922222e+25
-2.129191e+10 -2.899062e+10 8.523646e+10 -6.515947e+04 9.374858e+04 3.871208e+04 3.741720e+25
-6.519239e+10 -4.077163e+10 -5.110473e+10 -6.492967e+04 -3.863535e+04 3.769969e+04 5.808850e+20
3.763093e+10 -1.256825e+10 8.077561e+10 -2.167971e+04 9.885663e+04 9.303679e+04 1.564215e+20
4.460693e+10 -9.228390e+09 7.111760e+10 -5.582095e+04 1.311005e+04 8.733756e+04 6.980077e+20
7.675002e+10 -8.532027e+09 -4.751056e+10 -6.642252e+04 7.706405e+04 -8.225480e+04 1.793886e+24
-5.157169e+10 1.797251e+10 6.661042e+10 -4.695751e+04 -5.009183e+04 -8.644104e+04 3.466951e+21
-2.569057e+09 2.238184e+09 -4.750508e+10 4.651690e+04 9.382037e+04 7.691040e+04 9.088495e+22
5.790119e+10 4.286697e+10 6.659638e+09 -4.102150e+03 7.281014e+04 3.019391e+04 1.327280e+24
1.614738e+10 -2.351701e+10 -4.653999e+10 -4.101828e+04 -3.625662e+04 9.033243e+04 2.787420e+20
-6.061056e+09 -5.331825e+10 -1.380126e+10 9.409252e+03 7.962483e+04 -8.137906e+04 3.665922e+23
8.332194e+10 1.643405e+10 -2.933981e+09 8.848845e+04 -6.700056e+04 7.795065e+04 8.762392e+20
1.387081e+10 3.502355e+10 -2.744840e+10 3.943934e+04 4.440762e+04 4.599480e+04 3.904708e+21
5.309395e+10 1.711692e+10 -3.440203e+10 1.435396e+04 6.797090e+04 -6.928201e+04 1.462088e+22
-3.606378e+10 -5.845448e+10 -3.095650e+10 2.004311e+04 -6.006504e+04 -9.485286e+04 1.059237e+21
2.021723e+10 -3.024938e+10 -5.545918e+10 -3.832932e+04 -2.050653e+04 -2.180638e+03 9.252100e+23
1.783339e+10 4.112631e+10 3.971515e+09 7.709854e+04 -2.611967e+04 -1.084495e+04 3.799932e+21
-7.544108e+09 6.439142e+10 -4.241949e+10 -8.767213e+04 5.044703e+04 3.349369e+04 3.267713e+20
6.863341e+10 -1.277746e+10 5.807320e+09 1.794529e+04 1.072038e+04 6.815943e+04 8.136381e+24
5.000861e+10 -5.538089e+10 5.313477e+09 -5.035122e+03 7.633077e+04 -4.747544e+03 2.976667e+20
-8.731292e+10 -1.152940e+09 4.142450e+10 8.009101e+04 6.009007e+04 3.550698e+04 5.267914e+23
1.971916e+10 3.745843e+10 2.539113e+10 9.687360e+04 9.443298e+04 6.169214e+04 5.716313e+20
-1.484907e+10 6.382254e+09 7.332869e+10 9.945385e+04 2.544524e+04 6.682162e+04 3.526291e+21
4.956082e+10 2.219486e+10 8.029487e+10 -2.238017e+04 -2.052900e+04 -3.477464e+04 4.541559e+21
1.166841e+10 -4.991216e+10 5.758193e+10 2.461159e+04 4.512402e+03 -1.608123e+04 3.066581e+22
2.740826e+09 -5.202254e+10 9.306863e+09 8.793000e+04 8.498563e+04 1.253675e+04 4.035921e+20
-3.655571e+10 5.462090e+10 4.695955e+09 -1.782199e+04 -2.339131e+04 -2.883042e+03 4.505810e+23
1.849326e+10 2.348974e+10 -1.502993e+10 2.173105e+04 3.873225e+04 -9.224349e+04 2.174930e+25
-1.572989e+09 -5.888916e+10 -3.632342e+10 8.416700e+04 7.940627e+04 -9.595342e+04 8.022608e+24
-6.025745e+10 3.175975e+09 -2.950813e+10 3.923657e+04 -8.035652e+04 7.378001e+04 6.401962e+20
4.516662e+10 -8.752221e+10 -1.127925e+10 -4.611600e+04 -1.664545e+04 2.911096e+04 1.341572e+21
-2.580190e+09 -4.530069e+10 3.859780e+10 5.189866e+04 7.343779e+04 6.420348e+04 1.234861e+23
-5.011237e+10 -2.140897e+09 -2.046364e+10 -7.287004e+04 7.025907e+04 7.586652e+04 1.491726e+20
2.239776e+10 -3.682104e+10 3.846429e+10 -5.010195e+04 -8.710267e+03 8.360621e+04 1.689677e+24
-4.949649e+10 -1.594832e+09 4.202274e+10 2.708196e+04 -7.522543e+04 -9.388736e+04 1.717120e+22
4.412449e+10 -4.670428e+10 -5.420672e+10 1.737605e+04 -3.004802e+04 -6.729728e+04 2.327831e+25
-1.837883e+10 8.205415e+10 3.430057e+10 -2.268687e+04 -6.741852e+04 1.445161e+04 6.158935e+25
-3.983324e+10 -8.156286e+10 2.799931e+10 -4.618328e+04 -1.809856e+04 -9.598953e+04 4.806423e+24
1.460661e+10 -9.075710e+09 -8.993075e+10 2.947431e+04 2.022839e+04 -9.830725e+04 3.268456e+21
8.386494e+10 -1.762909e+10 -3.619542e+10 2.854806e+04 -1.523864e+04 -2.470491e+04 1.236674e+22
-2.783439e+10 -5.654357e+10 -4.206939e+09 6.486216e+04 -2.056949e+04 -7.953758e+04 1.172418e+23
-4.459749e+10 4.503125e+10 5.984766e+10 2.946842e+04 2.181002e+04 -4.030481e+04 4.452738e+20
-5.439968e+09 -6.626051e+09 3.903569e+10 7.229832e+04 -4.777062e+04 4.221876e+04 2.260699e+25
4.633746e+09 -4.750806e+10 -4.680673e+10 7.993741e+04 6.108596e+04 6.047275e+04 3.982904e+23
-1.457164e+10 -7.988096e+10 3.148374e+10 3.108011e+04 9.949382e+04 -4.811475e+04 3.246341e+22
-7.013781e+09 -2.600293e+10 -6.780026e+10 1.440849e+04 -6.201697e+04 4.530998e+04 2.158635e+21
5.552155e+10 -3.695895e+10 4.624560e+10 3.437370e+04 1.462971e+03 6.908385e+04 1.106196e+25
6.028227e+10 4.242543e+10 -6.103123e+10 -7.441117e+04 -4.826963e+04 6.166877e+04 3.780152e+24
-2.715347e+10 4.550036e+10 2.040856e+10 -8.214004e+04 -2.894332e+04 4.884199e+04 6.958436e+21
-5.764758e+09 8.676226e+10 -3.116207e+10 -4.118978e+04 7.024278e+04 -5.892686e+03 1.578920e+25
3.455653e+10 1.658465e+10 7.425734e+10 7.788521e+04 9.547490e+01 7.349955e+04 1.949913e+22
1.840881e+10 -2.396803e+10 -5.959584e+10 -7.252695e+04 -5.994068e+04 -1.816163e+04 2.608684e+23
-3.906724e+10 8.816835e+10 -8.212908e+09 4.313369e+04 5.578824e+04 -2.483831e+03 6.112187e+23
5.403559e+10 1.600775e+09 1.509835e+10 -4.529443e+04 5.223866e+04 -6.627885e+04 3.862802e+24
5.698629e+10 3.518842e+10 4.154623e+10 2.289595e+04 2.669751e+04 -1.932130e+04 6.193941e+25
8.650732e+09 2.629454e+10 -6.716081e+10 -2.537972e+04 -9.718458e+04 -3.555737e+04 9.985550e+24
-3.765910e+10 -3.846601e+10 2.034268e+10 -5.023538e+04 3.870495e+04 -3.113005e+04 5.937243e+20
3.561476e+10 6.200424e+10 1.288499e+10 6.476877e+04 -4.035955e+04 -4.183444e+04 2.328046e+24
6.069940e+10 -5.153030e+10 -2.729975e+10 9.909448e+04 -3.145343e+04 8.027676e+04 1.430557e+22
2.215189e+10 -1.250542e+10 5.137716e+10 -1.932167e+04 -5.431634e+04 4.543377e+04 6.126813e+20
4.324851e+10 7.749366e+10 1.618210e+10 -2.668171e+04 3.010808e+04 -9.252731e+04 1.816623e+25
6.039726e+10 1.903311e+10 4.409660e+09 9.893605e+04 3.239398e+04 3.071352e+04 1.313562e+20
-6.360446e+10 5.953800e+10 -1.470657e+10 9.456477e+03 -5.120732e+03 -6.937458e+04 1.483038e+24
-4.145416e+10 -6.685675e+10 -3.410467e+10 3.249659e+04 -4.600457e+04 2.112687e+04 6.652443e+20
-1.123395e+10 -5.650698e+10 -7.427817e+10 -7.645309e+04 -7.719749e+04 -7.874726e+04 1.555536e+21
-5.092815e+10 -7.459208e+09 -2.770882e+10 -5.966536e+04 4.068735e+04 -4.092976e+04 1.723591e+20
5.864914e+10 -2.620461e+10 -4.628765e+10 -3.387928e+04 -9.945240e+04 3.432663e+04 2.762360e+25
5.248066e+10 7.142290e+10 3.183529e+10 -8.198347e+04 2.341069e+03 4.471272e+04 4.052685e+20
5.339345e+10 -3.808805e+09 -3.413572e+10 -4.079556e+04 -7.144529e+03 -8.003822e+04 1.117406e+21
9.846167e+09 -2.930026e+10 -1.425838e+10 -3.745858e+04 4.770804e+04 -8.100031e+04 3.541800e+24
-1.316861e+10 -2.175065e+10 2.520428e+10 -6.589754e+04 -2.849452e+04 -1.245710e+04 5.380742e+23
2.207716e+10 -5.104874e+10 -7.796857e+10 -6.342612e+04 -1.984450e+04 9.246199e+04 4.275615e+21
1.600314e+10 -4.935906e+10 5.105280e+10 2.976930e+04 5.938191e+04 -7.738869e+04 1.503209e+24
9.753234e+09 1.524036e+10 3.438149e+10 -1.679446e+04 1.815006e+04 6.045296e+04 1.175869e+24
-3.464140e+10 4.263291e+10 -1.361069e+10 -9.423675e+04 3.689283e+04 6.770730e+04 6.928951e+25
2.083909e+10 1.789756e+10 4.266447e+10 -1.774315e+04 -9.080553e+04 -4.767743e+04 7.681175e+21
9.140234e+09 -8.265446e+10 3.166534e+10 1.532980e+04 1.300245e+04 9.557911e+04 1.044879e+24
-2.126749e+10 -6.627571e+10 3.219605e+09 -8.095157e+04 3.234265e+04 -5.028460e+04 1.187126e+22
4.533036e+10 -7.239777e+10 -2.021028e+10 1.166885e+04 9.755832e+04 -8.908678e+04 7.250906e+23
2.307888e+10 -3.099247e+10 3.763248e+10 7.388313e+04 -8.502695e+04 -1.670408e+03 2.788373e+21
7.388132e+09 4.265884e+10 -8.902585e+10 2.866346e+04 -1.934460e+04 -5.300000e+04 5.682868e+22
5.734564e+10 -7.242456e+10 -9.641263e+09 -1.058638e+04 -7.625863e+04 -5.253304e+02 8.322198e+23
-4.315798e+10 -1.619379e+10 -8.208848e+09 -9.996606e+04 -8.182089e+04 2.084066e+04 5.180801e+23
1.801621e+10 6.481694e+10 1.121986e+09 3.429487e+04 9.007103e+04 -2.733150e+04 2.116661e+20
-5.612051e+10 -2.228123e+10 -5.522533e+09 2.395159e+04 -5.373264e+03 3.143344e+04 1.974608e+24
7.321271e+09 4.080824e+10 2.514957e+10 -3.172858e+04 6.597678e+04 9.288674e+04 5.648087e+21
7.062102e+10 2.089225e+10 3.254422e+10 -6.716893e+04 -7.191016e+04 4.337122e+04 2.134787e+24
1.770183e+10 4.276899e+10 1.052402e+10 8.604325e+04 -2.142070e+04 -8.590798e+03 4.881153e+24
-4.767840e+10 2.841152e+10 -7.020570e+10 8.532531e+04 6.749325e+04 1.776222e+04 4.294089e+24
6.997090e+10 -1.976216e+10 2.429445e+10 -7.307280e+04 -2.342716e+02 6.072870e+03 1.956274e+20
-7.150564e+10 7.697915e+09 6.626929e+10 1.666580e+03 8.423246e+04 -6.455951e+04 2.960236e+23
-4.579406e+10 3.915884e+10 -6.693696e+10 2.010920e+04 7.653917e+04 8.220239e+02 2.032244e+22
4.281589e+09 -5.495605e+10 8.260973e+10 -4.528082e+04 9.271871e+04 9.409833e+04 5.212838e+22
-1.554180e+10 -4.784737e+10 -8.916054e+09 4.968537e+04 -4.021737e+04 4.029886e+04 1.459638e+25
-2.950314e+10 -3.245763e+10 7.777344e+10 -5.982218e+04 2.483352e+04 -4.188410e+04 1.179673e+22
-1.392765e+10 -1.919167e+10 8.433635e+10 9.166529e+04 7.786878e+02 3.886239e+04 8.595841e+21
-4.615859e+10 5.722219e+09 -1.438805e+10 1.412764e+04 3.343145e+04 -1.650441e+04 3.070523e+24
4.896963e+10 -6.986217e+10 -4.041931e+10 6.166096e+04 4.545997e+03 -9.494557e+04 7.446638e+20
8.137400e+07 -6.999871e+10 -5.252576e+10 -6.781292e+04 -4.267689e+04 -4.988780e+04 1.087154e+25
1.820616e+09 -8.061071e+10 -3.621544e+10 -9.353872e+04 6.280524e+04 -7.950400e+04 1.615148e+25
-2.946672e+09 -6.176430e+10 6.598504e+10 1.225411e+04 -5.248091e+04 5.686143e+04 6.207697e+24
5.580372e+10 -2.778073e+10 2.171674e+10 -2.248907e+04 9.134039e+04 9.516454e+04 7.514912e+21
-1.564026e+08 1.856023e+10 -7.991022e+10 2.411234e+04 5.618498e+04 7.402362e+04 9.547747e+24
-5.305805e+10 -7.078925e+10 3.968083e+10 5.102154e+04 9.323027e+03 2.067740e+04 4.538167e+24
3.964821e+10 8.083678e+10 -4.066851e+10 3.653177e+04 -6.260468e+04 -6.524097e+04 1.210824e+23
-6.703635e+10 -2.489797e+10 -1.033107e+10 -7.398669e+04 1.679721e+04 -4.899677e+04 9.624468e+21
3.670452e+10 5.307378e+10 -6.158142e+10 -3.547399e+04 -8.982891e+04 8.647637e+04 4.939148e+23
-7.820548e+10 -3.842037e+10 -1.646950e+09 -2.838288e+04 5.680629e+04 -3.642820e+04 2.088200e+21
-2.864994e+10 -9.256513e+08 -4.911030e+10 -1.681375e+04 7.407191e+03 -8.161089e+04 2.124166e+21
-3.608796e+10 4.318029e+10 -2.009126e+10 -5.631094e+04 5.053114e+04 6.099779e+03 9.545232e+25
2.546826e+10 1.410222e+09 9.020203e+10 3.378769e+04 -1.086655e+04 8.089929e+04 4.810681e+23
-1.393123e+10 -3.088081e+10 7.830803e+10 -3.581260e+04 8.318649e+04 8.899753e+04 2.066596e+22
6.226845e+10 -3.878745e+10 -3.537475e+10 6.442181e+04 -2.500839e+04 6.056335e+04 4.713477e+22
7.534141e+09 1.994322e+10 2.808982e+10 2.778940e+03 8.964236e+04 -6.652104e+04 5.465844e+25
1.271812e+10 5.548442e+09 -8.013820e+10 3.406703e+04 5.471645e+04 7.299017e+04 3.509593e+22
-1.371664e+10 -4.482993e+10 3.550079e+09 9.524478e+04 5.504135e+04 2.931223e+04 4.350174e+25
-6.331887e+10 1.658649e+10 -6.282991e+10 -3.365692e+04 -8.249582e+04 -8.914639e+04 5.824903e+24
1.139576e+10 8.059942e+10 1.234353e+10 -4.827041e+04 -2.239348e+04 2.604345e+04 3.964151e+22
-2.349314e+10 -5.225674e+09 8.892903e+09 2.828455e+04 2.366987e+04 5.119212e+04 3.263233e+23
4.146386e+10 -2.013628e+10 -7.593177e+10 -7.877289e+04 5.737838e+04 -3.972986e+04 3.303934e+20
-7.175033e+10 5.557353e+10 -1.140136e+10 3.214463e+04 -5.202465e+03 6.693553e+03 6.580953e+20
-5.636392e+10 -1.665383e+10 4.350615e+10 9.202685e+04 -7.118489e+04 3.545781e+04 3.055016e+25
-5.752150e+10 5.888896e+10 4.248863e+10 8.989302e+04 1.070484e+04 1.101395e+04 5.487960e+20
-1.635459e+10 -3.888594e+09 3.312113e+09 8.939588e+04 -3.906177e+04 4.965932e+04 2.638021e+25
-4.195898e+10 -5.475190e+10 -1.223848e+10 2.510539e+03 -6.780913e+04 -5.584241e+04 1.019742e+25
1.370270e+10 -4.248110e+10 -3.691279e+10 7.045023e+04 7.027754e+04 8.647397e+04 9.244391e+25
-1.942525e+10 7.438857e+10 7.674685e+09 -8.652745e+04 -8.035952e+04 4.511785e+04 8.378041e+22
-2.588078e+10 -3.832692e+10 -5.142794e+10 -7.999099e+04 2.390316e+04 8.002372e+04 8.067066e+21
-2.555492e+10 7.004729e+10 1.783939e+10 1.683399e+04 1.311040e+04 -2.710131e+04 7.906767e+21
2.512130e+08 1.045112e+10 -7.465081e+10 -5.569486e+04 4.796324e+04 -1.277519e+04 1.098147e+25
3.261634e+10 -3.145447e+10 2.386163e+10 -7.430325e+03 -2.825168e+04 -3.890564e+04 2.041883e+23
2.984332e+10 -4.587493e+10 1.194579e+10 7.174273e+04 -7.199967e+04 7.723607e+03 3.796714e+21
4.542940e+10 2.329142e+10 -8.136821e+10 -9.627394e+04 1.435662e+03 -9.376115e+04 3.099866e+23
6.053211e+10 -4.041680e+10 1.332439e+10 1.031880e+04 8.693865e+03 9.974564e+04 6.801798e+22
1.477243e+10 8.725090e+10 -2.465242e+10 5.442897e+04 4.664537e+04 -4.180017e+04 6.140544e+22
-7.818865e+10 -1.064789e+09 -1.649728e+10 3.253570e+04 6.959637e+04 6.130801e+04 4.832990e+23
-5.181375e+10 1.820650e+10 1.553377e+09 -6.417096e+04 8.974237e+04 3.188266e+04 6.403440e+25
-5.698996e+10 6.996034e+10 -2.978751e+09 -5.623618e+04 -2.471570e+03 -8.742777e+04 1.646687e+22
2.370448e+10 -1.552277e+10 -2.051519e+10 -2.774973e+04 -6.065154e+03 -9.071310e+03 1.899436e+20
-2.665326e+10 -8.909441e+10 -3.495663e+10 4.274581e+03 6.592943e+04 6.697445e+04 3.800987e+21
-3.521101e+10 -5.089501e+10 -5.326072e+10 -2.694064e+04 3.066731e+04 6.709381e+04 1.258860e+23
-4.166650e+10 -4.301288e+09 5.880381e+10 -2.942040e+04 7.354388e+04 -2.627687e+03 7.810171e+22
5.430865e+10 6.478816e+10 3.105978e+08 -6.687884e+04 -8.458235e+04 2.869540e+04 1.858244e+21
-1.121224e+10 -5.380586e+10 -1.575485e+10 -7.633396e+04 -5.393073e+04 6.223453e+04 2.096689e+24
1.913907e+10 7.593451e+10 -3.321005e+09 -6.775075e+04 6.667300e+04 -9.551079e+04 1.814956e+20
-4.194761e+10 -4.441198e+10 -5.630824e+10 -9.216183e+04 1.445386e+04 -8.881760e+04 3.544524e+21
-1.833029e+10 -1.320501e+10 5.174985e+10 1.272094e+04 -9.627599e+04 4.390946e+04 9.342656e+23
-3.492727e+10 1.154216e+10 -5.442377e+10 9.855516e+04 7.346048e+04 -6.588664e+04 9.598016e+24
2.920434e+10 -6.160643e+10 4.972091e+10 -6.362317e+04 3.192975e+04 -4.709586e+04 2.213710e+24
-5.868746e+10 -3.755321e+10 -6.512098e+09 -5.403724e+04 -2.290762e+04 -7.828598e+04 1.637161e+21
-8.325859e+10 4.591154e+10 8.290232e+08 -7.008776e+04 -8.074028e+04 -4.826163e+03 4.880778e+23
-2.791942e+10 -5.841044e+08 1.925916e+10 -7.649672e+04 -3.551813e+03 -7.393423e+04 4.176841e+23
8.883621e+09 -5.638605e+10 7.453833e+10 2.984635e+04 4.408846e+03 -2.592451e+04 1.822341e+20
2.196236e+10 -6.441054e+10 -4.377853e+10 5.791112e+04 -2.375270e+04 1.780962e+04 2.807788e+24
6.862247e+10 4.836853e+10 3.592653e+10 -7.322338e+04 -4.571753e+03 -5.349742e+04 1.426657e+25
-3.625606e+10 2.344360e+10 4.948807e+10 -6.219580e+04 4.182977e+04 5.788450e+04 2.937128e+23
-4.677174e+09 -6.840210e+09 -4.831955e+10 3.755335e+04 -3.681966e+04 -2.754604e+04 8.485384e+20
4.622860e+10 -5.961539e+10 -4.271706e+10 -1.528769e+04 -2.687118e+04 -4.488789e+04 1.212367e+24
1.889515e+10 -8.766140e+10 -1.580226e+10 -3.506449e+03 -2.595741e+04 1.098227e+04 3.331700e+21
-1.768757e+10 -6.159484e+10 -2.099152e+10 4.715649e+04 7.099978e+04 3.185657e+04 3.068211e+24
3.689238e+10 5.960869e+10 3.046960e+10 -5.710837e+04 -1.988782e+04 -3.231243e+04 2.011209e+23
4.293936e+10 6.836022e+10 3.667039e+10 9.291405e+04 -9.894187e+04 -8.178228e+04 7.446816e+20
8.891901e+10 3.787026e+10 -1.259688e+10 -5.564595e+04 -8.399205e+04 -9.244893e+04 2.022815e+22
-9.601794e+10 -1.274671e+10 2.267434e+10 4.232117e+04 1.949451e+04 8.914317e+04 8.343964e+24
2.556094e+10 8.163800e+10 -1.052005e+10 3.137684e+04 6.078198e+04 -4.279870e+04 1.590948e+20
9.684448e+09 8.372008e+10 2.666828e+09 -6.610342e+04 -9.278777e+04 -5.214867e+04 1.003977e+20
1.127569e+09 -5.977646e+09 5.365407e+10 -2.937447e+04 -2.097138e+04 1.721603e+04 1.277780e+23
3.853381e+10 2.451067e+10 -7.792929e+10 -4.310124e+04 6.595296e+04 8.300179e+04 1.226229e+22
-6.934047e+10 -5.474378e+10 -4.414460e+10 -6.109496e+04 8.594277e+04 1.498134e+04 3.686761e+21
4.107180e+10 2.008439e+10 -5.833458e+10 -4.114964e+04 8.940309e+04 6.058845e+04 5.498650e+25
-6.648841e+10 -3.382171e+10 5.992832e+10 3.883837e+04 9.321109e+04 1.263372e+04 4.166805e+24
-3.402136e+10 8.998085e+09 8.409010e+10 -7.855912e+03 1.736530e+04 -9.452986e+04 4.984365e+20
3.921891e+10 -1.430352e+09 1.088733e+10 3.538260e+04 -5.401397e+04 -3.685386e+04 5.403487e+25
7.773730e+09 -1.369329e+10 -7.867365e+10 -5.034848e+04 -8.139811e+04 3.473958e+04 8.442054e+24
-2.118531e+10 3.143503e+09 3.655099e+10 -2.929241e+04 7.886325e+04 -4.618484e+04 4.816246e+25
-5.042555e+10 3.170463e+08 7.220490e+10 -6.006669e+04 4.708581e+04 7.454850e+04 1.740491e+21
-3.737881e+10 -3.448600e+10 -2.941017e+10 -6.880089e+04 -7.866214e+04 8.403763e+04 1.134678e+24
7.590658e+09 -8.458616e+10 1.985511e+10 8.294791e+03 -9.154737e+04 -3.541584e+03 5.296694e+23
1.513181e+10 -1.143583e+10 7.665085e+10 7.375377e+04 -1.838930e+03 9.687894e+04 3.133581e+25
-4.821186e+10 -2.520398e+10 -3.637366e+10 -8.917037e+04 5.985398e+04 -4.335985e+03 1.756336e+23
-3.025128e+10 -7.155178e+10 -1.689918e+10 -6.503993e+04 9.530144e+04 3.964891e+04 5.760014e+22
4.660754e+09 1.851538e+10 -8.624368e+10 1.620164e+04 -3.491276e+04 2.255562e+04 3.615802e+21
-6.850979e+10 1.246969e+10 -4.303596e+10 2.261681e+04 -2.681517e+04 -2.459967e+02 1.833137e+21
5.234578e+10 -6.807704e+10 -2.268305e+10 -4.407409e+04 -6.402215e+04 -7.377217e+04 2.853359e+23
-4.583559e+09 3.637615e+10 -4.892931e+10 -5.283897e+04 -1.355625e+04 -2.382332e+04 7.500020e+20
2.410480e+10 -6.608164e+10 -6.912264e+10 -6.467854e+04 -8.043478e+01 9.911235e+04 1.248359e+25
1.585968e+10 -7.026138e+10 3.540432e+10 -3.999316e+04 1.242769e+04 1.356690e+04 2.457035e+22
1.639125e+10 -3.866320e+10 -7.777566e+10 -4.692115e+03 2.597244e+04 -1.002904e+04 1.018449e+22
6.429823e+10 -2.935113e+10 8.593987e+09 -4.845703e+04 -9.603293e+04 -7.575250e+04 1.600337e+25
-7.005299e+10 -3.619112e+10 -5.945886e+10 2.982619e+04 -6.509223e+04 5.606182e+04 1.350997e+22
-7.408486e+09 -8.730097e+10 -2.192151e+09 7.792649e+04 -2.378580e+04 -4.269528e+04 6.169829e+23
1.391668e+10 -3.667800e+10 -3.491624e+10 -3.252234e+04 2.625468e+04 1.432751e+04 1.239951e+25
4.169818e+09 3.027714e+10 -2.803712e+10 -3.662435e+04 -4.172873e+04 -4.650552e+04 7.376762e+23
4.187845e+10 -4.884259e+10 -7.133728e+09 -2.736703e+04 1.738395e+04 9.310521e+04 3.047434e+22
-2.378374e+09 -1.691888e+10 -5.423830e+10 3.240451e+04 8.808747e+04 4.013939e+04 3.022654e+20
3.081966e+10 1.306012e+10 -4.371577e+10 7.573820e+04 9.686749e+03 -9.472702e+04 2.410322e+22
-3.949619e+09 5.037785e+10 -7.622969e+10 -6.894513e+04 3.096654e+04 7.709426e+04 7.181645e+21
-3.966716e+10 -4.041219e+10 -2.709749e+10 -7.374458e+04 6.770356e+04 -9.428574e+04 9.578441e+23
-8.811072e+10 1.330079e+10 -3.325036e+10 9.499631e+04 8.116832e+03 -4.551711e+04 4.667342e+22
4.023474e+10 8.152767e+10 3.911915e+10 1.951684e+04 2.620950e+04 2.717023e+04 2.420510e+23
-2.833631e+10 7.201670e+10 2.248985e+10 -3.056634e+04 7.933624e+03 6.094155e+04 4.478802e+22
-2.071708e+10 5.920424e+10 -3.435565e+10 -9.998153e+04 6.307596e+04 6.958930e+04 1.156936e+22
1.245648e+10 -6.636668e+09 -7.641298e+10 8.939150e+04 -4.586586e+03 -9.817348e+04 3.824828e+22
5.594289e+10 2.538859e+09 -3.570141e+10 -2.527122e+04 -1.765283e+04 1.211087e+04 2.336213e+22
-3.702272e+10 3.073644e+10 2.591966e+10 -2.432839e+04 -4.740394e+04 -1.555212e+04 2.737606e+21
1.852693e+10 -4.896036e+10 7.497192e+10 3.692806e+04 -4.306463e+04 4.858538e+04 7.126100e+24
2.170040e+10 4.798643e+10 5.264377e+10 -4.208094e+04 2.737854e+04 2.354588e+04 4.293434e+21
6.620729e+10 8.108523e+09 -5.332322e+10 -9.007359e+04 6.994151e+03 -6.281248e+04 4.108099e+20
-8.354503e+09 -5.768058e+10 2.778987e+10 -5.343790e+04 -6.986326e+04 -1.284089e+03 1.125841e+22
5.428499e+10 -6.946710e+08 4.060323e+10 -7.263107e+03 5.828494e+04 -3.395027e+04 1.151537e+25
7.261211e+09 -4.465897e+10 -8.733741e+10 -8.572306e+04 -5.970645e+03 -6.156154e+04 1.120046e+25
5.081150e+10 4.890752e+10 6.137939e+10 5.362913e+04 -5.020753e+04 5.424507e+04 4.547426e+22
-3.154112e+10 7.922307e+09 -8.429777e+10 5.419919e+04 4.227824e+03 9.642317e+04 6.869945e+22
-3.613559e+10 7.310598e+10 -3.306827e+10 2.583285e+04 -9.156282e+04 8.748418e+04 1.335234e+23
1.925024e+10 5.766836e+10 1.752918e+10 7.750392e+04 7.273153e+04 -5.644235e+04 4.759603e+20
3.989422e+10 6.979963e+10 -3.013382e+10 -4.477999e+04 -7.607008e+04 5.782876e+04 1.131304e+20
-2.828739e+10 4.430980e+09 1.970631e+10 1.924246e+04 -2.572027e+04 -8.210402e+04 8.834678e+20
3.969306e+10 -1.842022e+10 1.068883e+10 9.939462e+04 2.502647e+04 -8.804497e+04 7.369693e+23
5.077970e+10 5.131047e+10 5.179152e+10 -5.346507e+04 9.633514e+04 5.771237e+04 3.468847e+24
3.238843e+10 8.647726e+10 -1.140380e+10 3.785000e+04 -2.836650e+04 -7.305357e+04 2.465916e+25
-2.161814e+10 7.491129e+10 -9.823073e+09 3.940755e+04 -6.204483e+04 -6.267465e+04 1.218956e+22
3.939109e+10 -7.023473e+10 -4.050442e+10 8.289480e+04 1.090406e+04 -8.622468e+04 8.514377e+20
-3.939031e+10 4.350158e+10 -3.153128e+10 -9.985603e+04 2.760521e+04 -2.419129e+04 1.297794e+21
3.026907e+09 -1.835171e+10 1.894922e+10 -5.224269e+04 4.420071e+04 3.165788e+04 1.712928e+23
-7.281125e+10 1.121315e+09 3.509585e+09 1.029356e+04 2.260785e+04 -3.547999e+04 7.005249e+23
4.378445e+10 1.949844e+10 2.226393e+09 6.703867e+04 -7.404515e+04 7.469856e+04 1.631076e+21
-4.230007e+10 -2.023448e+10 -6.306652e+10 6.725991e+04 3.158425e+04 5.164273e+03 1.613928e+24
-4.811683e+10 -3.778717e+10 -1.697062e+10 -8.582521e+04 8.604221e+04 -5.825238e+04 8.880410e+22
1.644031e+10 -4.951606e+10 -8.080088e+10 -8.785996e+04 1.160398e+04 8.764877e+04 3.131261e+22
2.910398e+10 -5.834430e+10 2.990202e+10 -4.683687e+04 -9.186937e+04 -8.592237e+04 6.659280e+21
3.129179e+10 2.188059e+10 9.038394e+10 4.503439e+04 6.332210e+03 -6.210792e+04 1.435992e+23
2.630414e+10 5.490896e+10 1.576388e+10 4.983887e+04 -1.696308e+04 -7.889716e+04 6.788062e+23
-3.592753e+10 -6.096181e+10 -5.861962e+09 7.656480e+04 -6.663814e+04 -6.392069e+04 2.566510e+22
5.081055e+10 -5.001015e+08 -4.759874e+10 -1.139757e+04 -2.953518e+04 -3.696900e+04 8.887466e+25
5.912478e+09 -6.616490e+10 -1.763319e+10 -1.388239e+04 4.517354e+04 2.168267e+04 2.392590e+23
4.530619e+10 -2.267490e+10 3.178271e+10 -4.918217e+04 9.233036e+04 -1.050004e+04 2.412922e+22
-1.918275e+10 -1.317143e+10 8.682524e+10 3.521872e+03 9.868240e+04 -3.963167e+04 6.338752e+21
4.214949e+10 5.783125e+09 4.307076e+10 6.438798e+04 3.794384e+04 -4.480857e+04 2.098838e+23
2.427803e+10 3.558668e+10 7.005991e+10 -9.245274e+04 -2.886885e+04 -7.231836e+04 1.594033e+22
2.643065e+10 -6.546182e+10 -4.458928e+10 -8.161898e+04 -2.004035e+04 8.357636e+04 2.544461e+24
3.388350e+10 6.438803e+10 5.259178e+10 6.514105e+04 3.791902e+04 1.524649e+04 2.792119e+25
-9.286753e+09 -7.656422e+10 -3.358153e+10 1.525674e+04 -8.430452e+04 -8.881546e+04 4.220938e+24
-4.706544e+10 2.723043e+10 4.461156e+10 7.356622e+04 7.395730e+04 -5.465647e+04 8.254202e+23
3.078356e+09 -1.769159e+10 -8.251969e+10 -2.350261e+04 -3.904332e+04 -9.176355e+04 1.736115e+23
9.685408e+09 5.219161e+10 2.549708e+08 -8.989604e+04 4.631571e+04 -2.142346e+04 4.717343e+22
1.467677e+10 8.282039e+10 7.956137e+08 -4.204339e+04 -2.113552e+04 -7.356219e+04 3.128028e+20
-2.896394e+10 2.126923e+10 -7.479925e+10 -8.298420e+04 3.646231e+02 5.476503e+04 6.056909e+20
-5.077296e+10 3.880029e+09 6.081760e+09 3.044969e+04 -6.078014e+04 2.319937e+04 2.594218e+24
5.412640e+09 -3.187327e+10 -5.369797e+10 -3.531767e+04 8.482762e+04 -8.208107e+04 1.072717e+24
-3.076842e+10 6.460652e+10 -2.278373e+10 1.877543e+04 -9.515863e+04 -3.903623e+04 8.431629e+25
-1.570465e+10 5.967006e+09 8.342175e+10 -7.083630e+04 -9.102449e+04 6.363438e+04 1.578016e+21
3.714522e+10 -4.930215e+10 3.713264e+10 -7.752565e+04 -8.909240e+04 8.978818e+04 3.633943e+25
7.302308e+10 6.316761e+09 6.109332e+10 3.875905e+04 -7.774440e+04 -9.987686e+03 1.369269e+20
1.693649e+10 5.669841e+10 4.510915e+09 4.653176e+03 -4.826840e+04 -3.394734e+03 2.396302e+24
4.747989e+10 5.510293e+09 2.070671e+10 1.660099e+04 3.270567e+04 -9.130360e+04 1.051763e+21
-3.955532e+10 -3.620429e+10 3.801812e+10 -8.938295e+04 3.095157e+04 -9.833316e+04 2.147192e+22
-2.460527e+10 -3.882580e+10 4.558589e+10 7.285645e+04 -9.618434e+04 7.348209e+04 7.878923e+23
5.895794e+10 -8.726868e+09 -1.464341e+10 -8.007926e+04 -3.690881e+04 7.335455e+04 1.546550e+23
-5.514642e+10 1.490541e+10 7.435696e+07 8.526999e+04 -9.570231e+04 -5.052157e+04 1.501385e+23
3.737655e+10 5.651671e+10 -1.478598e+10 -3.064402e+04 -2.961738e+04 2.504619e+04 2.613537e+21
3.763853e+10 -9.185701e+10 2.484638e+08 2.515847e+04 7.573545e+04 7.808042e+04 7.747326e+24
-5.789294e+09 3.014900e+10 3.393804e+09 -6.965836e+04 7.943506e+04 3.138635e+04 3.363335e+20
-2.147590e+10 -1.833011e+10 6.685372e+10 2.510492e+04 -5.451440e+04 -5.192784e+04 8.250778e+20
-2.711270e+10 4.984716e+10 8.113425e+10 8.446750e+03 -5.864855e+04 -7.228469e+04 1.770610e+23
-2.315729e+10 5.958143e+10 6.732226e+10 4.102728e+04 4.761097e+03 -7.294950e+04 9.421386e+25
6.378187e+10 -2.854333e+10 -7.039180e+10 8.342242e+04 -3.650076e+04 1.146806e+04 4.915972e+25
3.325600e+10 -3.137206e+10 -1.791275e+10 4.541591e+04 5.308700e+04 7.602638e+04 3.049586e+22
6.757501e+10 -2.986520e+10 -8.476956e+09 7.882602e+04 8.665001e+04 -4.524077e+04 4.727672e+24
2.876966e+09 -3.671018e+10 -2.991174e+10 2.239632e+04 -4.662748e+04 1.340862e+04 2.429227e+21
-3.611834e+10 4.407448e+10 2.303341e+10 3.762826e+04 -4.679556e+03 4.649175e+02 4.248842e+23
5.172247e+10 -6.922296e+10 -2.250977e+10 -1.710881e+03 -7.249746e+04 -6.134803e+04 1.560908e+20
-2.767791e+09 2.206686e+10 -8.869357e+10 -1.739120e+04 4.847333e+04 9.764868e+04 3.520947e+24
2.094056e+10 -1.896178e+09 3.454428e+10 7.342580e+04 -2.011420e+03 -3.502087e+04 5.562494e+22
5.946466e+10 1.599744e+10 -1.193442e+10 4.706636e+04 -2.392517e+04 -3.742050e+04 4.666908e+23
-8.782769e+10 -1.404098e+10 1.698839e+10 7.515659e+04 5.738397e+04 4.129818e+03 5.124571e+22
3.782142e+10 -9.896663e+08 -8.590224e+10 3.740531e+03 -2.087776e+04 4.703402e+04 2.219247e+23
7.374320e+10 2.360022e+10 2.095978e+10 -4.176413e+04 -2.039202e+04 -3.908917e+04 9.241151e+24
-5.784752e+10 -4.980652e+10 -1.198265e+10 -8.909067e+04 3.393930e+03 -7.155208e+04 9.535885e+24
5.205143e+10 4.483736e+10 3.416614e+10 5.574623e+04 8.756849e+04 3.922283e+04 6.483956e+20
3.204074e+10 6.686307e+10 -7.318395e+09 1.806310e+04 4.252688e+04 -5.961360e+04 5.346865e+22
4.856569e+10 -3.204934e+10 2.415753e+10 5.929724e+04 4.367494e+04 -7.529116e+04 4.841608e+20
-7.283964e+10 -1.098245e+10 -2.099619e+10 -2.318253e+04 5.821332e+04 2.333290e+03 4.994860e+25
8.042855e+09 -6.979276e+10 -1.727557e+10 8.245056e+04 1.309832e+04 3.190607e+04 7.953136e+20
-1.727592e+10 -7.106862e+10 -6.128558e+10 -1.608366e+04 -3.809634e+04 5.372608e+04 4.759369e+22
3.733203e+10 4.054935e+10 -6.544798e+10 -5.942966e+04 2.451207e+04 -4.937780e+04 5.647496e+22
9.450573e+10 3.416146e+09 8.258905e+09 7.654058e+04 -5.242433e+04 1.777247e+04 7.149439e+22
-3.248811e+10 -2.363586e+10 -6.249936e+10 -5.105737e+04 9.468322e+03 2.395321e+04 2.214583e+23
2.414159e+10 3.247377e+10 -8.462143e+10 3.065538e+04 -9.265579e+04 7.076586e+04 1.004568e+24
7.570774e+10 -4.138270e+10 -3.800565e+10 -9.019373e+04 -1.660862e+04 -6.435032e+04 1.077812e+24
-6.484184e+10 -4.404800e+10 3.250359e+10 5.746152e+04 -6.451615e+04 -8.932434e+03 2.977130e+23
-1.730120e+10 5.406188e+10 -7.947199e+10 -2.628611e+04 -2.421213e+04 -8.646666e+04 3.663895e+22
4.948655e+10 5.580958e+10 -3.395700e+10 3.892389e+04 -4.511629e+04 5.410547e+03 1.405650e+23
6.678205e+10 5.475553e+10 1.985900e+10 4.594570e+04 2.579572e+04 9.743785e+04 7.979541e+22
4.372106e+10 -3.778782e+09 7.663228e+10 -4.256254e+04 2.176892e+04 -3.670229e+04 1.420193e+23
6.548178e+10 6.947964e+10 -2.918077e+10 1.252687e+04 3.941160e+03 2.637152e+04 9.016266e+22
-1.417206e+10 -5.323016e+10 1.235245e+10 9.585153e+04 -9.968382e+04 -9.520264e+04 5.659323e+23
1.078725e+10 -3.351157e+10 3.413756e+10 9.979740e+04 -1.719177e+04 -3.324155e+04 2.304056e+23
5.492387e+09 1.734294e+10 -8.412059e+10 -4.367466e+04 5.803910e+04 -3.844549e+04 1.096826e+23
-4.206564e+09 -9.862572e+09 -6.783531e+10 -3.172768e+04 4.487933e+04 2.319867e+04 1.495217e+20
-2.765153e+10 4.484642e+10 -1.898281e+10 3.449459e+04 8.323261e+04 5.945088e+04 7.480202e+23
5.902475e+10 -4.755728e+10 1.993959e+10 7.393509e+03 -3.297807e+04 5.679781e+04 3.045919e+22
-2.050458e+10 6.400338e+10 6.069140e+10 4.499283e+04 -3.689943e+04 7.177095e+03 1.776539e+21
5.383658e+10 -4.567191e+10 5.282171e+10 -2.928089e+04 9.392266e+04 -4.390799e+04 1.538293e+20
5.277654e+10 -8.044836e+10 2.516325e+10 1.419633e+04 -2.208675e+04 1.903837e+04 1.540147e+25
-3.268543e+10 7.618815e+10 3.732486e+10 -9.367436e+04 -1.722609e+04 -5.891131e+02 2.665959e+21
7.014017e+09 3.246953e+10 6.917664e+10 -3.953634e+04 -7.755375e+04 5.698880e+04 4.642398e+24
9.522793e+10 1.504262e+10 -1.091054e+10 -3.467362e+03 1.086169e+01 -6.195766e+04 3.481935e+25
1.438333e+10 -8.888444e+10 4.259714e+09 -7.134099e+04 7.435980e+04 6.442770e+04 4.247595e+25
-9.477832e+09 -5.881333e+10 -6.449109e+10 -8.126318e+03 4.273548e+04 4.468975e+03 1.058423e+20
-7.515902e+10 -5.058769e+10 3.654692e+10 -8.258482e+04 -6.624820e+03 -9.077205e+04 1.328820e+23
-7.127869e+10 -3.777444e+10 -3.263629e+10 -3.757142e+04 7.842712e+04 -3.582393e+04 1.429795e+21
-5.663713e+10 2.196625e+10 -2.356816e+10 -7.646983e+04 -7.013586e+04 -4.527262e+04 1.234640e+20
2.300414e+10 8.221346e+10 2.401701e+09 -2.993637e+04 -3.630302e+04 -7.168863e+04 1.683148e+24
5.091364e+10 2.444558e+10 -3.351714e+10 2.265258e+04 -3.225222e+04 -1.127047e+04 6.031759e+20
5.729486e+10 4.497933e+10 2.730378e+10 -8.924002e+04 -1.470685e+04 -6.420340e+04 3.773359e+23
-1.945076e+10 -5.906107e+10 5.647896e+10 2.326307e+04 -3.751187e+04 6.348840e+04 1.894053e+24
8.615326e+10 -1.437773e+10 5.862626e+09 5.114859e+04 -6.860927e+03 -7.364094e+04 7.535396e+24
-9.329716e+10 2.673438e+10 -6.170205e+09 3.689559e+04 4.204318e+04 -6.920687e+03 2.455643e+21
-3.115957e+10 -2.815400e+10 4.384662e+10 8.257232e+04 -2.158462e+04 3.992292e+04 9.796788e+23
-5.698065e+10 1.722311e+10 7.066494e+10 -9.394717e+04 -4.933128e+03 -2.971184e+04 5.853965e+22
-3.711501e+10 -2.858084e+10 2.973267e+10 -7.452120e+04 -7.941356e+04 6.351058e+04 6.033185e+24
1.730073e+10 -6.334880e+10 2.056891e+10 6.549113e+03 -1.983671e+04 -1.731162e+04 5.311890e+23
-1.944664e+10 1.740324e+10 7.755727e+10 -3.185717e+04 6.278314e+04 1.819404e+04 5.080236e+24
-5.961493e+10 -1.712773e+10 4.355321e+10 -5.276914e+04 3.252245e+04 -8.442112e+04 3.847508e+25
-6.954054e+10 -4.546919e+10 -2.222472e+09 -7.418313e+03 1.101754e+04 6.440461e+04 1.140365e+21
3.888223e+10 3.165293e+10 -8.479356e+10 6.281334e+04 5.426868e+04 -2.421780e+04 9.242105e+22
2.042990e+10 -4.560307e+10 -7.130714e+10 7.745231e+04 8.065120e+04 2.722656e+04 1.002550e+20
-3.686269e+10 -7.333847e+09 -3.700306e+10 -2.200347e+04 1.558628e+04 -6.086668e+04 1.227724e+24
5.769092e+10 -3.500284e+10 9.579485e+09 -3.908997e+04 8.866666e+04 -1.305459e+04 7.861073e+25
3.991914e+10 2.038234e+09 -5.757034e+10 9.728433e+04 -1.916052e+04 -7.448886e+04 5.822480e+21
6.745554e+10 2.339264e+10 7.014064e+09 4.067082e+04 6.415066e+04 -2.815107e+04 1.470575e+25
-2.390750e+10 -7.723206e+10 -5.046607e+10 -2.114634e+04 -3.637454e+04 -2.344208e+04 1.947109e+22
-7.629423e+10 1.214701e+10 2.654690e+10 -6.235463e+04 -2.308099e+04 8.489641e+04 1.095913e+25
-2.601077e+09 -4.735999e+09 5.335920e+10 -7.314451e+04 -8.565080e+04 -9.685844e+04 2.128312e+24
7.788049e+10 -4.792913e+09 -9.952837e+09 -8.306731e+04 2.844858e+04 -1.682891e+04 5.447183e+22
-8.069536e+10 4.066763e+10 1.929890e+10 -6.404052e+04 1.882983e+03 1.041001e+04 5.015042e+22
-4.362392e+10 -3.365123e+10 -4.450921e+10 1.558770e+04 6.936078e+04 -5.265001e+04 1.024172e+23
-4.963554e+10 5.491500e+10 6.864014e+09 9.564669e+04 1.362992e+04 4.097651e+04 4.775141e+20
4.545711e+10 5.643933e+10 2.986258e+10 4.625864e+04 9.671582e+04 9.673368e+04 4.712148e+24
3.204498e+10 -2.653859e+10 -6.534797e+10 -8.231073e+04 -5.509686e+03 4.833722e+04 5.787171e+25
1.225806e+10 -3.931894e+10 1.142803e+10 -3.750006e+04 -8.944515e+04 -3.129077e+04 4.689892e+24
-7.621577e+10 1.492026e+10 1.967528e+09 4.676291e+04 -1.579678e+04 9.211626e+04 6.156577e+24
2.160404e+10 -1.137547e+10 -6.145848e+10 4.988506e+04 4.539434e+04 1.274125e+04 2.336181e+20
5.536937e+10 1.861574e+10 -5.157313e+10 9.807297e+04 6.177916e+04 2.486340e+04 5.258888e+21
2.590622e+10 -3.498432e+10 4.872502e+08 -4.443024e+04 -7.349225e+04 -4.380561e+04 1.403299e+25
6.955297e+09 1.356905e+10 -1.881450e+10 1.835403e+04 -6.977288e+04 -1.066937e+04 7.031438e+24
-5.828441e+10 5.539608e+09 2.567002e+10 5.987440e+04 7.240289e+04 -3.143040e+04 3.209289e+20
1.478673e+10 2.151009e+10 4.560240e+10 -8.103449e+02 9.871711e+04 5.407356e+04 2.677224e+21
1.780599e+10 7.093279e+10 2.093053e+10 4.687222e+04 -3.098486e+04 2.845222e+04 3.411172e+24
-2.930404e+10 2.164578e+10 -3.242173e+10 -3.972657e+04 4.923011e+04 5.048557e+04 1.567202e+23
-6.517302e+10 1.049474e+10 2.977978e+10 -7.097003e+04 7.405555e+04 -9.762739e+04 3.658770e+25
6.946493e+10 -1.701778e+10 2.733232e+10 3.657526e+04 -9.179648e+04 8.354243e+04 6.676439e+23
8.493953e+10 -4.806601e+10 -1.344058e+10 7.167113e+04 -3.300652e+04 -4.658244e+04 3.887413e+20
1.228222e+10 -8.383946e+10 -1.889928e+10 4.981818e+04 4.686269e+04 1.774486e+04 1.477591e+21
2.744184e+10 5.823771e+10 2.649337e+10 9.522511e+03 3.456037e+04 6.633790e+04 1.179692e+20
-2.650193e+10 9.364428e+09 -3.648574e+10 -5.611673e+04 -4.334060e+04 -6.138409e+04 1.387404e+20
-1.200753e+10 -1.805773e+10 3.958298e+10 6.709183e+04 9.009779e+04 2.761658e+04 1.771947e+24
2.369189e+10 2.519985e+10 3.516011e+10 3.127893e+04 7.997944e+04 1.321376e+04 6.353208e+25
-1.859318e+09 8.869888e+10 3.772427e+10 -6.608885e+03 8.723641e+04 2.775610e+04 3.436943e+25
5.292841e+10 -3.675752e+10 -9.512376e+09 5.397610e+04 -3.531917e+04 -6.760679e+04 2.779600e+20
-4.435770e+10 7.759194e+10 -2.155037e+10 -8.798827e+04 9.112114e+04 -4.706703e+04 4.399963e+22
-3.127296e+10 -2.597132e+10 6.765628e+10 -6.431157e+04 -1.588541e+03 -7.122548e+04 4.094906e+24
4.921168e+10 -3.011052e+10 1.726370e+10 4.308006e+04 -7.934258e+04 -8.541610e+04 2.679584e+23
4.988633e+10 -3.794206e+10 -6.823851e+09 -7.022914e+04 2.806705e+04 8.657874e+04 9.719301e+23
4.869505e+10 -3.326446e+10 2.574608e+10 1.492805e+04 3.076601e+03 8.798221e+04 8.791778e+22
1.062860e+10 -5.398817e+10 5.217933e+10 5.707634e+04 8.025743e+03 -9.933853e+04 5.308014e+25
-8.524317e+10 -3.832374e+10 -3.354382e+09 8.700844e+04 -2.821633e+04 3.636715e+04 2.533313e+22
2.872153e+10 1.839653e+10 7.876092e+10 6.925259e+03 9.218510e+04 -8.390864e+04 5.725799e+22
3.889756e+10 7.829888e+10 2.705130e+10 -9.213376e+04 -2.316726e+04 -6.179937e+04 1.497248e+24
-5.899402e+10 7.198940e+10 2.518877e+10 -8.302750e+04 2.655825e+04 4.706484e+04 6.912859e+20
-4.331379e+10 -2.862569e+10 2.540149e+10 -2.153490e+03 -8.740147e+04 8.110409e+03 7.020779e+21
-5.730022e+10 1.889409e+10 5.423329e+10 9.916673e+04 -9.259146e+04 -8.878911e+04 5.329313e+24
7.931455e+09 -2.114910e+10 -2.671433e+10 3.346328e+04 -8.325927e+03 3.561556e+04 1.760080e+25
4.660541e+10 -2.381462e+10 8.412088e+09 -9.262447e+04 -7.168191e+04 3.076631e+04 6.719204e+22
-1.224180e+10 -3.874784e+10 -8.828618e+10 -7.389245e+04 -6.555020e+04 -9.000840e+04 6.982710e+21
4.408219e+10 8.101448e+10 -8.113504e+09 1.820850e+04 6.356004e+04 -7.873376e+04 9.613045e+22
2.581906e+10 -7.249523e+10 -5.186166e+10 -1.475771e+04 6.230421e+04 9.643855e+04 1.175945e+24
-1.873402e+10 -9.689284e+09 6.538172e+10 -7.253412e+04 6.728542e+04 5.862033e+04 3.849172e+24
5.758202e+10 5.458292e+10 -2.764130e+10 -7.175264e+04 -1.696914e+04 3.925916e+04 2.091445e+23
3.856362e+10 1.008217e+10 6.468721e+10 -8.000643e+04 6.947334e+04 2.248830e+04 4.634147e+24
2.497446e+10 9.968994e+08 -6.517003e+08 -6.411743e+04 -8.217175e+04 3.035116e+04 2.096481e+25
8.319864e+09 -5.829375e+10 4.590489e+10 3.847167e+04 -5.876796e+04 2.796514e+04 1.375692e+23
-2.755744e+10 -2.295484e+10 6.519831e+10 -9.247576e+04 -6.399991e+04 -2.247302e+01 5.032553e+25
-4.073334e+10 5.768485e+10 4.837743e+10 -9.908599e+04 -5.287220e+04 -7.649844e+04 1.517729e+23
3.071149e+09 -4.385166e+10 -1.263279e+10 7.944565e+03 -5.614477e+04 5.406626e+04 9.035724e+23
1.486549e+10 -4.929699e+10 -3.990341e+10 3.704875e+04 9.371477e+04 -5.117432e+03 1.142728e+21
-2.181305e+10 -2.807050e+10 -7.996355e+10 -4.298710e+04 -1.306567e+04 -3.314107e+04 6.775199e+24
-2.234278e+09 -3.706171e+10 -8.329367e+10 8.497227e+04 -6.482248e+04 5.709840e+04 8.135203e+22
-5.343000e+09 -2.941554e+10 3.854322e+10 1.854133e+04 -3.480554e+04 -6.024972e+04 1.151106e+24
-2.628264e+10 5.068790e+10 3.838795e+10 -8.038717e+04 4.754957e+04 7.397726e+04 1.791407e+22
-6.003760e+10 5.900726e+09 -3.506040e+09 7.809777e+04 -7.101175e+04 8.557742e+04 5.369641e+22
-9.431254e+09 -4.914040e+10 -5.300809e+10 2.640422e+04 9.511118e+04 -5.955782e+04 5.797898e+20
2.741235e+10 3.169097e+10 -7.790626e+10 7.033027e+04 -8.284215e+03 -6.575974e+04 1.152009e+22
2.311128e+10 -9.108814e+10 1.991064e+10 2.759984e+04 2.230562e+04 -6.601290e+04 6.619346e+25
3.322055e+10 -4.174817e+10 -7.849738e+10 -2.157320e+03 9.913287e+04 1.831617e+04 1.051802e+25
-5.033060e+09 -5.781156e+10 3.006640e+10 -5.066916e+04 -3.454081e+04 1.589341e+04 2.243550e+25
-5.348992e+10 -2.670673e+10 -5.894215e+10 -9.898448e+04 9.603681e+04 -9.198826e+04 6.666775e+22
-3.239299e+10 -6.416230e+09 -8.544187e+10 -4.146132e+03 5.960350e+04 6.425826e+04 5.183800e+22
6.157379e+10 4.815986e+09 7.274465e+09 4.635726e+04 8.998678e+04 -7.345760e+04 5.953092e+21
-4.930021e+10 6.296383e+09 -7.081931e+10 -3.903268e+04 4.066090e+04 7.158442e+04 3.045932e+24
3.951250e+09 -2.861966e+10 -2.620110e+09 7.483981e+04 -1.892793e+04 5.797174e+04 1.669255e+22
4.770718e+10 -5.738659e+10 2.065974e+10 -8.586028e+04 7.868689e+04 -3.341877e+04 1.571394e+20
6.299446e+10 -2.219080e+10 -3.464113e+10 8.487021e+03 5.889575e+04 5.753837e+04 3.060231e+20
7.957007e+10 2.854068e+10 4.519965e+10 8.906445e+04 3.493059e+04 7.759558e+04 4.632328e+20
-4.611137e+10 5.192624e+10 1.703709e+10 -6.494652e+04 1.175809e+04 -8.659882e+04 1.803112e+24
1.140910e+09 1.594685e+10 5.672620e+10 -7.728846e+04 -4.301307e+03 8.782959e+04 3.024937e+23
-2.514065e+09 -8.026735e+10 -5.723894e+10 -5.491255e+04 -2.945767e+04 -4.652843e+04 1.206036e+24
-1.789362e+10 2.624920e+10 -5.693512e+10 -2.754619e+03 5.336520e+03 -7.545811e+04 1.815314e+24
-2.300949e+10 8.460049e+10 5.773600e+09 2.419025e+04 5.998077e+04 8.907306e+04 7.124842e+24
3.776028e+10 -3.048486e+10 -8.512746e+10 -8.425176e+03 -8.396592e+04 7.958917e+04 5.373239e+21
-9.980919e+09 6.068823e+10 -7.698074e+10 3.941642e+04 -7.342530e+02 7.499863e+04 1.330840e+23
7.651538e+10 -1.480815e+10 -3.541041e+10 8.286992e+03 -7.359453e+04 -3.065995e+04 4.604265e+22
7.245709e+10 3.025274e+10 -3.602053e+10 7.435874e+04 -5.353439e+04 8.948974e+04 7.379589e+23
-4.291332e+10 -5.608454e+10 -2.338985e+10 -3.473872e+04 1.867145e+04 3.937272e+04 1.125764e+25
4.746010e+10 5.180002e+10 -2.992083e+10 5.786965e+04 -6.565257e+04 -4.799851e+04 8.043752e+22
7.971113e+10 2.442311e+10 5.341825e+10 -2.937582e+04 -8.814693e+03 -6.672739e+04 3.505822e+25
7.949194e+10 -1.351044e+10 -3.834940e+10 6.786634e+04 3.857185e+04 3.327119e+04 8.335061e+20
-1.000680e+10 2.249117e+10 -5.686356e+10 -7.470530e+04 -4.791856e+04 -6.310068e+04 2.370956e+23
-1.687648e+10 2.522414e+10 -1.194022e+10 -2.541701e+04 7.973319e+03 -6.748048e+04 6.447014e+21
-9.548508e+10 3.498232e+08 -1.856724e+10 -7.092322e+04 -8.391853e+03 -3.595641e+04 1.061123e+20
-1.363293e+10 2.433236e+10 8.597826e+10 4.109027e+04 -5.217865e+03 -4.203456e+04 4.613783e+25
5.920640e+10 7.842721e+10 1.464999e+10 1.304630e+04 8.137616e+04 -1.157889e+04 1.364212e+24
3.458627e+10 4.150052e+10 7.211827e+10 1.019200e+04 -3.838356e+04 -1.967402e+04 1.109843e+25
4.164748e+10 1.500396e+10 -6.227023e+10 2.826253e+04 1.668629e+04 -5.557123e+04 4.111407e+25
-1.881515e+10 -4.631344e+09 -6.231646e+10 -1.090838e+04 3.431156e+04 -8.252461e+04 1.176861e+23
-4.261190e+10 -3.308656e+10 -2.111616e+10 8.868043e+04 8.168939e+04 -2.778703e+04 7.721037e+20
-6.387283e+10 6.563781e+10 -2.473587e+10 -4.306993e+04 -2.972899e+04 9.550473e+04 1.761207e+25
-3.712918e+10 1.357315e+10 2.023879e+10 9.851943e+04 6.073710e+04 -4.227320e+04 6.823964e+24
7.784927e+10 -5.927439e+10 -1.508154e+10 -7.208646e+04 1.743601e+04 -8.278441e+04 1.764829e+21
5.270087e+10 -4.434859e+09 5.733649e+10 -8.677684e+04 9.201906e+04 5.122281e+04 3.393827e+20
-3.569721e+10 2.125866e+10 6.154576e+10 1.116277e+04 4.204940e+04 5.104875e+04 6.630744e+20
-5.231792e+10 -1.841593e+10 -1.349798e+10 -9.155342e+04 6.524966e+04 6.691704e+04 6.660185e+21
8.100433e+10 1.379163e+10 -6.022437e+09 -9.951067e+04 -4.746460e+04 9.120532e+04 1.012648e+25
5.789399e+10 -4.627054e+10 2.396088e+10 -1.656865e+04 -1.622699e+03 3.756864e+04 2.941044e+21
4.405025e+10 -1.569165e+09 -2.193773e+10 -8.665503e+04 4.911311e+04 1.621315e+04 2.474273e+23
-9.118149e+10 1.383116e+10 2.442254e+10 3.884902e+04 -7.608326e+04 2.505174e+03 2.828669e+23
6.515615e+10 2.509430e+10 -6.375637e+10 -3.606378e+04 7.566345e+04 -7.290052e+04 9.546696e+20
5.448553e+10 -3.357525e+10 -1.043830e+10 -2.880314e+04 -4.202876e+04 5.922466e+03 4.148605e+25
2.760085e+10 6.190266e+10 4.268253e+10 -8.109827e+04 5.052570e+04 8.742467e+03 1.716559e+25
-2.750423e+10 8.274812e+10 3.472124e+10 3.708874e+04 3.766933e+04 -8.083332e+04 3.021898e+23
-2.101287e+10 -2.409521e+09 -9.130730e+10 -2.539716e+04 -3.020195e+03 -3.193738e+04 2.915600e+25
6.105582e+09 3.326951e+10 -3.232468e+10 -6.231664e+04 7.941135e+04 2.268567e+04 9.738613e+24
-7.642069e+10 -2.542270e+10 5.180550e+09 5.126135e+04 -7.720665e+04 -7.901728e+03 2.873439e+20
-4.934861e+10 6.386003e+09 7.922423e+10 -3.768531e+04 -2.748629e+04 6.340774e+04 2.179507e+25
-3.912643e+10 5.993690e+10 4.440585e+10 4.197898e+04 -9.424809e+04 6.291482e+04 2.158475e+21
9.734317e+09 6.565735e+10 -6.793693e+10 -7.493116e+04 -7.395635e+04 -8.427901e+04 1.396075e+24
7.630312e+09 -4.878615e+10 -7.787396e+10 5.146681e+04 -9.149661e+04 -7.843652e+04 5.732329e+24
2.774107e+10 2.569930e+10 -7.058541e+10 -4.939751e+04 -8.675053e+04 3.351728e+04 3.367454e+24
1.381978e+10 4.801945e+10 7.741971e+10 8.023497e+04 -6.304364e+04 -2.969327e+04 3.504902e+20
4.199531e+10 -1.399850e+10 8.357307e+10 -3.043269e+04 -6.788853e+04 1.268831e+02 2.351389e+24
5.010621e+10 3.597586e+10 8.751545e+09 1.562674e+04 -9.720314e+04 -5.660038e+04 1.410214e+21
-3.798980e+10 -9.026303e+09 5.267021e+10 9.471598e+04 -8.026286e+04 -5.719692e+04 1.059672e+23
-7.268947e+10 -4.573427e+10 -2.380086e+10 -1.206683e+04 9.154955e+04 -6.383029e+04 1.345656e+22
8.352289e+09 5.882989e+10 -4.137718e+10 -7.743090e+04 9.692255e+04 -7.527692e+04 4.590891e+20
-1.228345e+10 -4.201463e+10 2.696938e+10 1.142642e+04 -9.187829e+04 -3.437692e+04 4.946929e+20
-2.444649e+10 5.954013e+10 1.319146e+10 9.523581e+04 -1.120883e+04 1.078318e+04 5.540334e+21
6.730255e+10 3.146853e+10 -5.908462e+10 6.821166e+04 -4.864641e+03 3.582622e+04 1.190649e+21
7.890464e+10 6.134132e+10 -1.669614e+09 -1.238833e+04 3.170965e+04 -8.299882e+04 7.247786e+20
5.818902e+10 4.324646e+10 1.335157e+10 8.505806e+04 9.557067e+04 -8.705792e+04 7.099781e+25
6.831517e+10 -4.013113e+09 1.323784e+10 -7.544757e+04 6.762183e+04 4.504010e+04 4.689321e+21
-1.267962e+10 8.723316e+10 1.464006e+10 5.789855e+04 2.876624e+04 -1.995289e+04 7.160737e+22
-8.254267e+10 8.047086e+09 -1.614737e+10 -4.422187e+04 5.359991e+04 -7.839267e+04 3.192561e+21
5.077775e+10 5.731115e+10 2.034053e+10 -8.007932e+04 -8.942952e+04 -8.635427e+04 1.171237e+24
-4.143440e+10 -8.692201e+10 -2.325282e+10 -6.945267e+04 2.439335e+04 -8.073327e+04 2.878085e+20
2.037486e+10 -7.405471e+10 4.865584e+10 -5.961365e+04 3.241865e+04 -1.949928e+03 3.715281e+21
-4.658232e+10 -1.404914e+10 5.038423e+10 9.051610e+04 -9.368030e+04 -1.391872e+04 3.087699e+25
-4.811406e+10 4.731266e+10 -2.694880e+10 -8.068752e+03 -9.342804e+04 1.133331e+04 1.452661e+25
-6.111203e+10 3.274773e+09 2.768158e+10 -7.310235e+04 4.314464e+04 -2.509015e+03 4.532021e+20
-3.282531e+10 -7.634676e+10 2.808470e+10 1.444205e+04 -4.817789e+03 7.087029e+04 1.096757e+23
7.192202e+10 -1.331247e+10 -7.766644e+08 2.338794e+04 -2.944725e+04 9.555659e+04 8.373301e+21
6.559657e+09 -1.079031e+10 -2.767402e+10 -3.022464e+04 4.841143e+04 -9.462003e+04 2.228729e+25
-2.331807e+10 3.424526e+10 -5.627532e+10 -2.852678e+04 -2.974615e+04 3.224800e+04 3.059733e+21
7.191606e+10 -4.539312e+10 1.601513e+10 -8.689995e+04 -3.901751e+04 -3.248115e+04 1.313022e+20
4.485014e+10 -5.193616e+10 -5.381379e+09 1.360988e+04 8.028197e+04 -4.667622e+04 1.498825e+24
-1.427414e+10 1.379135e+10 8.139152e+10 -2.193984e+04 1.450773e+04 6.166531e+04 3.984191e+20
-8.285767e+10 -1.441466e+09 -2.877962e+10 5.298078e+04 -3.209212e+04 2.296557e+04 1.513582e+22
4.353562e+10 -6.208239e+10 -4.622873e+08 5.742992e+04 6.807610e+04 7.166805e+03 5.298261e+21
-3.626016e+09 2.564527e+09 3.595046e+10 -5.482280e+04 4.857761e+04 -8.160843e+04 1.161773e+25
3.929875e+10 1.767568e+10 -1.487591e+10 6.023713e+04 -4.946327e+03 -5.805217e+04 5.941697e+24
2.655007e+10 -7.503494e+10 -3.435661e+10 -1.341790e+04 7.989516e+03 -5.998460e+04 2.593019e+22
7.180876e+09 -8.481884e+10 -7.997642e+09 -6.387983e+04 -9.627934e+04 4.066633e+04 1.500579e+25
6.623751e+10 -1.607087e+10 -4.778988e+10 4.844160e+04 -6.540937e+03 8.743259e+04 1.571506e+23
-6.552598e+10 2.898129e+10 4.575764e+10 1.322329e+04 2.535169e+04 4.453917e+03 1.533374e+22
-1.494620e+10 -3.472201e+10 -3.695565e+10 -3.994487e+04 -1.292224e+04 -3.626936e+04 9.578253e+24
-2.751932e+10 1.687852e+10 -2.376805e+10 6.474214e+04 2.920853e+04 -4.871067e+04 4.049427e+23
1.676789e+10 4.388723e+10 -5.722352e+10 -5.088268e+04 6.544576e+04 -7.168060e+03 2.285336e+23
7.053727e+10 1.670205e+10 2.228383e+10 -6.812830e+04 -7.271387e+04 -4.832063e+04 6.625659e+24
3.979453e+10 -5.298677e+10 -5.638336e+10 9.275738e+04 -2.831607e+03 -9.601825e+04 1.437156e+25
2.878627e+10 -3.176706e+10 8.896671e+09 8.011498e+04 -1.859863e+04 -2.731315e+04 8.802046e+23
-3.348641e+09 -2.050369e+10 3.976479e+10 -7.188797e+04 -7.761353e+04 4.689608e+04 3.959248e+25
5.762607e+10 -1.885423e+10 5.297610e+10 8.631113e+04 -4.963839e+04 7.691297e+04 2.682015e+21
-1.873078e+10 3.443626e+10 3.044438e+10 1.686524e+04 -2.200987e+04 4.967485e+04 2.603925e+21
2.390110e+10 4.702116e+10 -5.340019e+10 9.398470e+04 -1.210492e+04 -4.913882e+04 3.442593e+23
7.241070e+10 -2.417781e+10 -1.976067e+10 -3.670201e+04 -1.524374e+04 3.654769e+04 6.024098e+25
-3.035223e+10 3.531354e+10 8.373073e+10 4.313425e+04 6.427307e+04 -9.578516e+04 6.321657e+25
-3.238639e+10 -5.264423e+10 5.778737e+10 8.816966e+04 3.813649e+04 5.776054e+04 2.741921e+21
7.329534e+10 -1.956527e+10 -3.130566e+10 -2.742898e+04 6.245006e+04 -7.558925e+04 1.591174e+25
7.813269e+10 -4.972987e+10 -2.119275e+10 -2.140489e+04 9.559857e+04 -4.889326e+04 3.479381e+20
1.958697e+10 7.706263e+10 -4.957573e+10 7.804935e+04 8.317816e+04 2.627054e+04 1.891488e+25
8.787559e+10 1.899521e+10 -1.715422e+10 7.328892e+04 6.463956e+04 8.809908e+04 6.707300e+22
-1.107784e+10 -5.330061e+10 5.081153e+10 7.535225e+04 6.404826e+04 6.488017e+04 1.552005e+24
-6.098614e+10 -4.555998e+10 -2.361523e+10 6.268561e+04 4.755710e+04 -9.347649e+03 1.459168e+20
-2.449473e+10 -2.613564e+10 1.057660e+10 5.820386e+04 -7.278156e+04 -1.986763e+04 5.885422e+23
2.043368e+10 3.124507e+10 -5.677363e+10 3.273178e+03 9.393292e+04 6.612428e+04 3.792942e+24
2.325496e+10 -8.470818e+10 3.514966e+10 -3.612017e+04 -4.326904e+03 4.703442e+04 3.665045e+21
2.045454e+10 -6.359281e+10 5.767942e+10 -6.026726e+04 -1.710072e+04 -6.362215e+04 1.812759e+25
1.001797e+10 6.195812e+10 7.542592e+10 8.962184e+04 8.462247e+04 2.942134e+04 5.751275e+23
9.814768e+09 2.912335e+10 9.178454e+10 4.025223e+04 -6.624881e+04 -1.979302e+04 3.744727e+22
-2.454583e+10 2.683287e+10 -5.246697e+10 8.944870e+04 -7.652990e+04 4.371668e+04 4.082746e+22
-4.471666e+10 -8.589850e+10 -9.004607e+09 -7.629753e+04 4.271274e+04 -6.189117e+04 1.484637e+25
-8.338393e+10 3.056768e+09 -3.907226e+10 -7.396013e+04 7.126755e+04 2.001656e+04 9.359329e+25
-5.348423e+10 3.013785e+10 2.326544e+10 -1.829518e+04 -7.081143e+04 -4.196141e+04 3.722175e+21
-3.372786e+10 3.608075e+10 6.937917e+10 3.685342e+04 -8.367178e+03 -9.793595e+04 6.298391e+20
-2.446520e+10 -5.839112e+10 2.649423e+10 4.266719e+04 4.169063e+04 4.722082e+04 3.446304e+21
-1.068558e+10 1.863505e+10 -4.030685e+10 -5.303171e+04 8.164531e+04 9.934789e+04 4.324458e+25
-1.071163e+09 -9.696155e+10 1.942929e+10 -9.089763e+04 -4.926862e+04 2.393158e+04 6.531969e+21
6.944384e+10 -1.412748e+10 -1.893971e+10 1.191208e+04 1.609738e+04 -4.794167e+04 1.053126e+23
4.319346e+10 4.712259e+10 7.378165e+10 -3.653652e+04 6.084760e+03 -7.164085e+04 5.024031e+20
1.634142e+10 -1.703791e+10 -2.630710e+10 6.696081e+04 4.956467e+04 8.524741e+04 4.983713e+21
6.768960e+09 -9.299762e+10 2.161896e+10 -4.724841e+04 -3.739794e+04 7.853436e+04 7.820914e+21
4.930358e+10 6.900715e+10 5.263937e+10 7.060673e+04 3.148390e+04 5.964404e+04 2.086090e+20
4.344638e+10 9.958857e+09 -2.861835e+10 -4.795521e+04 4.119257e+04 -1.271403e+04 9.358591e+25
-2.393432e+10 3.025479e+10 -8.955679e+10 4.180583e+04 -2.960097e+03 -1.402290e+03 1.188585e+25
5.223380e+10 3.481986e+10 -7.176895e+10 7.363462e+04 -6.386901e+04 -6.634100e+04 1.128305e+23
-3.472039e+10 -2.073355e+10 5.070295e+10 1.670948e+04 9.432547e+04 5.203081e+03 2.659052e+23
4.551966e+09 -3.951524e+10 -6.319986e+10 3.538170e+04 7.747354e+04 -9.480757e+04 1.224261e+24
-7.248972e+10 -4.621993e+10 -1.861853e+10 9.024397e+04 6.739544e+04 -6.924491e+04 3.064640e+20
-8.540411e+10 2.536274e+10 2.999478e+10 9.104031e+04 1.884085e+04 -9.883893e+04 6.586021e+25
-1.703158e+10 3.347029e+10 7.836325e+10 4.630904e+04 4.686391e+04 9.148056e+04 2.599864e+23
-1.588596e+10 -2.012367e+10 -5.376810e+10 -3.536583e+04 -8.889300e+04 -8.585518e+04 5.145187e+25
3.103991e+10 6.387844e+10 -1.466953e+10 9.300986e+04 7.310310e+04 -8.216234e+04 1.300394e+25
-9.861640e+09 4.420207e+10 3.053117e+10 5.051171e+04 3.081286e+04 -7.587960e+04 8.811921e+22
-2.203458e+10 5.554967e+10 4.633051e+10 3.699239e+04 -7.374267e+04 3.310406e+04 9.824654e+24
6.015859e+10 -5.276009e+10 -1.661020e+09 -4.712063e+03 1.261142e+04 -1.538588e+04 3.458947e+24
-8.313248e+10 3.653046e+10 2.123750e+10 -1.479658e+04 -9.191238e+04 -3.165103e+04 6.041562e+22
3.167040e+10 4.664551e+10 2.262870e+10 -9.355492e+02 2.591192e+04 4.935557e+03 5.549044e+21
-4.361202e+10 6.175778e+09 6.181932e+10 -7.027869e+04 -7.444205e+04 8.058072e+04 1.120025e+25
7.024345e+10 2.172004e+10 -3.295756e+10 -8.469350e+04 -9.098102e+04 -7.847357e+04 3.543897e+22
-3.919444e+10 -1.798779e+10 1.465273e+10 -4.932393e+04 -4.902796e+04 -8.364609e+04 1.048739e+23
1.965054e+10 4.145636e+10 1.566629e+10 -6.355837e+04 -2.140853e+04 -8.334189e+04 1.821932e+25
-6.313375e+10 1.834285e+10 1.164543e+10 3.405197e+04 2.476208e+04 -4.698512e+04 6.314192e+25
2.955504e+10 6.840068e+10 -5.975463e+10 4.940586e+04 2.081057e+04 7.432316e+04 4.344942e+20
9.195027e+09 8.280452e+09 -8.019987e+10 -6.565293e+04 -4.576025e+03 3.836125e+04 1.631861e+25
-9.643629e+10 8.063917e+09 2.014251e+10 2.369987e+04 9.478438e+04 -2.785424e+04 1.103618e+24
-2.806927e+10 8.172106e+10 -1.855989e+10 -7.498210e+04 -9.722482e+04 -7.761750e+04 1.245408e+20
1.746042e+10 6.666233e+10 7.108979e+10 2.972464e+04 2.994797e+04 -1.284231e+04 5.706304e+23
-2.285286e+10 6.897774e+10 -5.714609e+10 -7.314889e+03 -5.202182e+03 -9.563663e+04 9.922771e+20
4.758260e+10 -1.099224e+10 2.164453e+10 -5.702160e+03 7.195929e+04 1.704525e+04 1.614472e+21
5.857294e+10 1.940743e+10 5.534096e+10 -9.842514e+04 2.608198e+04 4.261856e+04 7.532196e+25
-6.869406e+10 -4.721607e+10 4.489096e+10 1.086091e+04 -4.184509e+04 -2.500697e+03 8.252884e+22
-3.545055e+10 -7.372814e+10 1.871366e+10 6.333785e+04 -2.419701e+03 4.285807e+04 1.478607e+23
6.425615e+10 2.709504e+10 -2.762530e+10 7.857544e+04 -1.657251e+04 -5.332406e+03 9.305352e+22
-3.018452e+10 -8.818789e+10 -3.001052e+10 -9.583862e+04 -4.239784e+04 -6.155974e+04 1.156337e+22
4.280833e+10 -2.751913e+10 -3.445163e+10 -3.216940e+04 2.042003e+04 6.849343e+04 8.744779e+23
-1.111581e+10 -4.491242e+10 -2.099448e+10 9.196067e+04 6.661615e+04 3.462146e+04 2.555688e+24
4.151147e+10 -6.147090e+10 5.556004e+10 2.436848e+04 -4.350856e+04 4.985086e+04 1.005400e+24
-3.179996e+10 -2.490716e+10 -3.037634e+10 -7.981925e+04 -1.680313e+04 9.875345e+04 6.636076e+21
2.498616e+10 2.858748e+09 -5.379756e+10 7.618122e+04 -2.859123e+04 -6.827891e+04 9.283081e+24
3.122362e+10 1.320197e+10 -9.018969e+10 -1.387591e+04 2.351258e+04 -7.586239e+04 2.210924e+21
-3.703873e+10 4.760105e+10 -2.032556e+10 -9.066473e+04 7.554273e+04 -4.650175e+04 8.073656e+20
-4.280287e+10 -7.726586e+10 2.719618e+09 4.128098e+04 8.532642e+04 -1.243466e+04 5.531130e+22
4.665221e+10 3.660772e+10 -7.346687e+10 2.211451e+04 5.643125e+04 8.947670e+04 8.743018e+24
-1.461775e+10 -1.555185e+10 -2.742538e+10 7.417389e+04 8.219715e+04 -6.859349e+04 5.658977e+21
-8.330616e+09 -7.568402e+10 8.980124e+08 -8.014115e+04 2.941859e+04 -3.307849e+04 6.708645e+20
-8.110833e+10 4.745298e+10 -1.152976e+10 5.380663e+04 -5.093679e+04 6.182904e+04 1.116659e+22
-3.093644e+10 3.194948e+10 -6.605975e+10 5.096904e+04 -2.787132e+04 3.299905e+04 8.122080e+20
1.228215e+10 8.903218e+10 -1.424616e+10 6.035374e+04 -1.731812e+04 -1.813814e+04 5.656117e+22
-4.948728e+10 5.847997e+10 5.586671e+10 -9.404741e+04 -7.088314e+04 -9.801026e+04 6.878301e+24
-2.163992e+10 5.017586e+10 -8.145405e+10 9.638898e+04 -6.713506e+04 -8.770633e+04 3.590495e+24
6.833179e+10 -4.801725e+10 2.463587e+10 -8.843803e+04 2.632151e+04 4.267390e+04 9.165788e+23
-5.990923e+10 4.238512e+10 -3.284877e+10 3.617413e+04 1.072209e+04 -3.913540e+04 2.858808e+24
-3.191428e+09 1.685618e+10 -9.534680e+10 5.558347e+03 8.409012e+04 4.005901e+04 4.754822e+22
1.401518e+10 -5.704684e+10 5.240095e+09 3.040742e+04 3.949419e+04 7.753498e+04 4.890785e+24
-1.872745e+10 5.580432e+10 -4.477374e+10 -9.260597e+04 -3.310142e+04 4.501974e+04 2.756217e+24
-1.898629e+09 8.771110e+09 4.932397e+10 -8.143609e+04 1.035717e+04 4.267173e+03 3.485603e+24
5.160401e+09 -1.711849e+10 -5.126293e+10 1.850072e+04 -5.173204e+04 5.483156e+04 2.285891e+24
5.803905e+10 2.295640e+10 -7.757134e+10 -2.540423e+04 2.539791e+04 -2.910533e+04 1.933736e+20
-1.699981e+10 5.469439e+10 -6.504335e+10 4.737174e+04 -9.370568e+03 9.659011e+04 6.797127e+24
7.779213e+10 -6.086100e+10 1.307116e+10 2.554887e+04 6.657731e+03 1.910978e+04 1.264803e+22
